<<<<<<< Updated upstream
Recording	Participant	Gender	Group	TOI	Interval	Media	Duration_of_interval	Start_of_interval	Number_of_Events.Logged_live_Event	Number_of_Events.Calibration1_fix_offset	Number_of_Events.Calibration1_offset	Number_of_Events.Calibration1_onset	Number_of_Events.Calibration2_fix_offset	Number_of_Events.Calibration2_offset	Number_of_Events.Calibration2_onset	Number_of_Events.Chatting_fix_offset	Number_of_Events.Chatting_offset	Number_of_Events.Chatting_onset	Number_of_Events.Clicking_fix_offset	Number_of_Events.Clicking_offset	Number_of_Events.Clicking_onset	Number_of_Events.Drawing_fix_offset	Number_of_Events.Drawing_offset	Number_of_Events.Drawing_onset	Number_of_Events.Drumming_fix_offset	Number_of_Events.Drumming_offset	Number_of_Events.Drumming_onset	Number_of_Events.Head_fix_offset	Number_of_Events.Head_offset	Number_of_Events.Head_onset	Number_of_Events.Heckling_fix_offset	Number_of_Events.Heckling_offset	Number_of_Events.Heckling_onset	Number_of_Events.Lesson_end	Number_of_Events.Lesson_start	Number_of_Events.Letter_search_fix_offset	Number_of_Events.Letter_search_offset	Number_of_Events.Letter_search_onset	Number_of_Events.Phone_fix_offset	Number_of_Events.Phone_offset	Number_of_Events.Phone_onset	Number_of_Events.Reaction_chatting	Number_of_Events.Reaction_clicking	Number_of_Events.Reaction_drawing	Number_of_Events.Reaction_drumming	Number_of_Events.Reaction_head	Number_of_Events.Reaction_heckling	Number_of_Events.Reaction_phone	Number_of_Events.Reaction_snipping	Number_of_Events.Reaction_whispering	Number_of_Events.Snipping_fix_offset	Number_of_Events.Snipping_offset	Number_of_Events.Snipping_onset	Number_of_Events.Whispering_fix_offset	Number_of_Events.Whispering_offset	Number_of_Events.Whispering_onset	Time_to_first_Event.Logged_live_Event	Time_to_first_Event.Calibration1_fix_offset	Time_to_first_Event.Calibration1_offset	Time_to_first_Event.Calibration1_onset	Time_to_first_Event.Calibration2_fix_offset	Time_to_first_Event.Calibration2_offset	Time_to_first_Event.Calibration2_onset	Time_to_first_Event.Chatting_fix_offset	Time_to_first_Event.Chatting_offset	Time_to_first_Event.Chatting_onset	Time_to_first_Event.Clicking_fix_offset	Time_to_first_Event.Clicking_offset	Time_to_first_Event.Clicking_onset	Time_to_first_Event.Drawing_fix_offset	Time_to_first_Event.Drawing_offset	Time_to_first_Event.Drawing_onset	Time_to_first_Event.Drumming_fix_offset	Time_to_first_Event.Drumming_offset	Time_to_first_Event.Drumming_onset	Time_to_first_Event.Head_fix_offset	Time_to_first_Event.Head_offset	Time_to_first_Event.Head_onset	Time_to_first_Event.Heckling_fix_offset	Time_to_first_Event.Heckling_offset	Time_to_first_Event.Heckling_onset	Time_to_first_Event.Lesson_end	Time_to_first_Event.Lesson_start	Time_to_first_Event.Letter_search_fix_offset	Time_to_first_Event.Letter_search_offset	Time_to_first_Event.Letter_search_onset	Time_to_first_Event.Phone_fix_offset	Time_to_first_Event.Phone_offset	Time_to_first_Event.Phone_onset	Time_to_first_Event.Reaction_chatting	Time_to_first_Event.Reaction_clicking	Time_to_first_Event.Reaction_drawing	Time_to_first_Event.Reaction_drumming	Time_to_first_Event.Reaction_head	Time_to_first_Event.Reaction_heckling	Time_to_first_Event.Reaction_phone	Time_to_first_Event.Reaction_snipping	Time_to_first_Event.Reaction_whispering	Time_to_first_Event.Snipping_fix_offset	Time_to_first_Event.Snipping_offset	Time_to_first_Event.Snipping_onset	Time_to_first_Event.Whispering_fix_offset	Time_to_first_Event.Whispering_offset	Time_to_first_Event.Whispering_onset	Total_duration_of_fixations.Anna	Total_duration_of_fixations.Bianca	Total_duration_of_fixations.Board_Screen	Total_duration_of_fixations.Carl(a)	Total_duration_of_fixations.Classroom_Others	Total_duration_of_fixations.Disruptive_Person	Total_duration_of_fixations.Material_Students	Total_duration_of_fixations.Material_Teacher	Total_duration_of_fixations.Nametag_Anna	Total_duration_of_fixations.Nametag_Bianca	Total_duration_of_fixations.Nametag_Carl(a)	Average_duration_of_fixations.Anna	Average_duration_of_fixations.Bianca	Average_duration_of_fixations.Board_Screen	Average_duration_of_fixations.Carl(a)	Average_duration_of_fixations.Classroom_Others	Average_duration_of_fixations.Disruptive_Person	Average_duration_of_fixations.Material_Students	Average_duration_of_fixations.Material_Teacher	Average_duration_of_fixations.Nametag_Anna	Average_duration_of_fixations.Nametag_Bianca	Average_duration_of_fixations.Nametag_Carl(a)	Minimum_duration_of_fixations.Anna	Minimum_duration_of_fixations.Bianca	Minimum_duration_of_fixations.Board_Screen	Minimum_duration_of_fixations.Carl(a)	Minimum_duration_of_fixations.Classroom_Others	Minimum_duration_of_fixations.Disruptive_Person	Minimum_duration_of_fixations.Material_Students	Minimum_duration_of_fixations.Material_Teacher	Minimum_duration_of_fixations.Nametag_Anna	Minimum_duration_of_fixations.Nametag_Bianca	Minimum_duration_of_fixations.Nametag_Carl(a)	Maximum_duration_of_fixations.Anna	Maximum_duration_of_fixations.Bianca	Maximum_duration_of_fixations.Board_Screen	Maximum_duration_of_fixations.Carl(a)	Maximum_duration_of_fixations.Classroom_Others	Maximum_duration_of_fixations.Disruptive_Person	Maximum_duration_of_fixations.Material_Students	Maximum_duration_of_fixations.Material_Teacher	Maximum_duration_of_fixations.Nametag_Anna	Maximum_duration_of_fixations.Nametag_Bianca	Maximum_duration_of_fixations.Nametag_Carl(a)	Number_of_fixations.Anna	Number_of_fixations.Bianca	Number_of_fixations.Board_Screen	Number_of_fixations.Carl(a)	Number_of_fixations.Classroom_Others	Number_of_fixations.Disruptive_Person	Number_of_fixations.Material_Students	Number_of_fixations.Material_Teacher	Number_of_fixations.Nametag_Anna	Number_of_fixations.Nametag_Bianca	Number_of_fixations.Nametag_Carl(a)	Time_to_first_fixation.Anna	Time_to_first_fixation.Bianca	Time_to_first_fixation.Board_Screen	Time_to_first_fixation.Carl(a)	Time_to_first_fixation.Classroom_Others	Time_to_first_fixation.Disruptive_Person	Time_to_first_fixation.Material_Students	Time_to_first_fixation.Material_Teacher	Time_to_first_fixation.Nametag_Anna	Time_to_first_fixation.Nametag_Bianca	Time_to_first_fixation.Nametag_Carl(a)	Duration_of_first_fixation.Anna	Duration_of_first_fixation.Bianca	Duration_of_first_fixation.Board_Screen	Duration_of_first_fixation.Carl(a)	Duration_of_first_fixation.Classroom_Others	Duration_of_first_fixation.Disruptive_Person	Duration_of_first_fixation.Material_Students	Duration_of_first_fixation.Material_Teacher	Duration_of_first_fixation.Nametag_Anna	Duration_of_first_fixation.Nametag_Bianca	Duration_of_first_fixation.Nametag_Carl(a)	Last_AOI_viewed	AOI_at_interval_end	Total_duration_of_whole_fixations.Anna	Total_duration_of_whole_fixations.Bianca	Total_duration_of_whole_fixations.Board_Screen	Total_duration_of_whole_fixations.Carl(a)	Total_duration_of_whole_fixations.Classroom_Others	Total_duration_of_whole_fixations.Disruptive_Person	Total_duration_of_whole_fixations.Material_Students	Total_duration_of_whole_fixations.Material_Teacher	Total_duration_of_whole_fixations.Nametag_Anna	Total_duration_of_whole_fixations.Nametag_Bianca	Total_duration_of_whole_fixations.Nametag_Carl(a)	Average_duration_of_whole_fixations.Anna	Average_duration_of_whole_fixations.Bianca	Average_duration_of_whole_fixations.Board_Screen	Average_duration_of_whole_fixations.Carl(a)	Average_duration_of_whole_fixations.Classroom_Others	Average_duration_of_whole_fixations.Disruptive_Person	Average_duration_of_whole_fixations.Material_Students	Average_duration_of_whole_fixations.Material_Teacher	Average_duration_of_whole_fixations.Nametag_Anna	Average_duration_of_whole_fixations.Nametag_Bianca	Average_duration_of_whole_fixations.Nametag_Carl(a)	Minimum_duration_of_whole_fixations.Anna	Minimum_duration_of_whole_fixations.Bianca	Minimum_duration_of_whole_fixations.Board_Screen	Minimum_duration_of_whole_fixations.Carl(a)	Minimum_duration_of_whole_fixations.Classroom_Others	Minimum_duration_of_whole_fixations.Disruptive_Person	Minimum_duration_of_whole_fixations.Material_Students	Minimum_duration_of_whole_fixations.Material_Teacher	Minimum_duration_of_whole_fixations.Nametag_Anna	Minimum_duration_of_whole_fixations.Nametag_Bianca	Minimum_duration_of_whole_fixations.Nametag_Carl(a)	Maximum_duration_of_whole_fixations.Anna	Maximum_duration_of_whole_fixations.Bianca	Maximum_duration_of_whole_fixations.Board_Screen	Maximum_duration_of_whole_fixations.Carl(a)	Maximum_duration_of_whole_fixations.Classroom_Others	Maximum_duration_of_whole_fixations.Disruptive_Person	Maximum_duration_of_whole_fixations.Material_Students	Maximum_duration_of_whole_fixations.Material_Teacher	Maximum_duration_of_whole_fixations.Nametag_Anna	Maximum_duration_of_whole_fixations.Nametag_Bianca	Maximum_duration_of_whole_fixations.Nametag_Carl(a)	Number_of_whole_fixations.Anna	Number_of_whole_fixations.Bianca	Number_of_whole_fixations.Board_Screen	Number_of_whole_fixations.Carl(a)	Number_of_whole_fixations.Classroom_Others	Number_of_whole_fixations.Disruptive_Person	Number_of_whole_fixations.Material_Students	Number_of_whole_fixations.Material_Teacher	Number_of_whole_fixations.Nametag_Anna	Number_of_whole_fixations.Nametag_Bianca	Number_of_whole_fixations.Nametag_Carl(a)	Time_to_first_whole_fixation.Anna	Time_to_first_whole_fixation.Bianca	Time_to_first_whole_fixation.Board_Screen	Time_to_first_whole_fixation.Carl(a)	Time_to_first_whole_fixation.Classroom_Others	Time_to_first_whole_fixation.Disruptive_Person	Time_to_first_whole_fixation.Material_Students	Time_to_first_whole_fixation.Material_Teacher	Time_to_first_whole_fixation.Nametag_Anna	Time_to_first_whole_fixation.Nametag_Bianca	Time_to_first_whole_fixation.Nametag_Carl(a)	Duration_of_first_whole_fixation.Anna	Duration_of_first_whole_fixation.Bianca	Duration_of_first_whole_fixation.Board_Screen	Duration_of_first_whole_fixation.Carl(a)	Duration_of_first_whole_fixation.Classroom_Others	Duration_of_first_whole_fixation.Disruptive_Person	Duration_of_first_whole_fixation.Material_Students	Duration_of_first_whole_fixation.Material_Teacher	Duration_of_first_whole_fixation.Nametag_Anna	Duration_of_first_whole_fixation.Nametag_Bianca	Duration_of_first_whole_fixation.Nametag_Carl(a)	Total_duration_of_Visit.Anna	Total_duration_of_Visit.Bianca	Total_duration_of_Visit.Board_Screen	Total_duration_of_Visit.Carl(a)	Total_duration_of_Visit.Classroom_Others	Total_duration_of_Visit.Disruptive_Person	Total_duration_of_Visit.Material_Students	Total_duration_of_Visit.Material_Teacher	Total_duration_of_Visit.Nametag_Anna	Total_duration_of_Visit.Nametag_Bianca	Total_duration_of_Visit.Nametag_Carl(a)	Average_duration_of_Visit.Anna	Average_duration_of_Visit.Bianca	Average_duration_of_Visit.Board_Screen	Average_duration_of_Visit.Carl(a)	Average_duration_of_Visit.Classroom_Others	Average_duration_of_Visit.Disruptive_Person	Average_duration_of_Visit.Material_Students	Average_duration_of_Visit.Material_Teacher	Average_duration_of_Visit.Nametag_Anna	Average_duration_of_Visit.Nametag_Bianca	Average_duration_of_Visit.Nametag_Carl(a)	Minimum_duration_of_Visit.Anna	Minimum_duration_of_Visit.Bianca	Minimum_duration_of_Visit.Board_Screen	Minimum_duration_of_Visit.Carl(a)	Minimum_duration_of_Visit.Classroom_Others	Minimum_duration_of_Visit.Disruptive_Person	Minimum_duration_of_Visit.Material_Students	Minimum_duration_of_Visit.Material_Teacher	Minimum_duration_of_Visit.Nametag_Anna	Minimum_duration_of_Visit.Nametag_Bianca	Minimum_duration_of_Visit.Nametag_Carl(a)	Maximum_duration_of_Visit.Anna	Maximum_duration_of_Visit.Bianca	Maximum_duration_of_Visit.Board_Screen	Maximum_duration_of_Visit.Carl(a)	Maximum_duration_of_Visit.Classroom_Others	Maximum_duration_of_Visit.Disruptive_Person	Maximum_duration_of_Visit.Material_Students	Maximum_duration_of_Visit.Material_Teacher	Maximum_duration_of_Visit.Nametag_Anna	Maximum_duration_of_Visit.Nametag_Bianca	Maximum_duration_of_Visit.Nametag_Carl(a)	Number_of_Visits.Anna	Number_of_Visits.Bianca	Number_of_Visits.Board_Screen	Number_of_Visits.Carl(a)	Number_of_Visits.Classroom_Others	Number_of_Visits.Disruptive_Person	Number_of_Visits.Material_Students	Number_of_Visits.Material_Teacher	Number_of_Visits.Nametag_Anna	Number_of_Visits.Nametag_Bianca	Number_of_Visits.Nametag_Carl(a)	Time_to_first_Visit.Anna	Time_to_first_Visit.Bianca	Time_to_first_Visit.Board_Screen	Time_to_first_Visit.Carl(a)	Time_to_first_Visit.Classroom_Others	Time_to_first_Visit.Disruptive_Person	Time_to_first_Visit.Material_Students	Time_to_first_Visit.Material_Teacher	Time_to_first_Visit.Nametag_Anna	Time_to_first_Visit.Nametag_Bianca	Time_to_first_Visit.Nametag_Carl(a)	Duration_of_first_Visit.Anna	Duration_of_first_Visit.Bianca	Duration_of_first_Visit.Board_Screen	Duration_of_first_Visit.Carl(a)	Duration_of_first_Visit.Classroom_Others	Duration_of_first_Visit.Disruptive_Person	Duration_of_first_Visit.Material_Students	Duration_of_first_Visit.Material_Teacher	Duration_of_first_Visit.Nametag_Anna	Duration_of_first_Visit.Nametag_Bianca	Duration_of_first_Visit.Nametag_Carl(a)	Total_duration_of_Glances.Anna	Total_duration_of_Glances.Bianca	Total_duration_of_Glances.Board_Screen	Total_duration_of_Glances.Carl(a)	Total_duration_of_Glances.Classroom_Others	Total_duration_of_Glances.Disruptive_Person	Total_duration_of_Glances.Material_Students	Total_duration_of_Glances.Material_Teacher	Total_duration_of_Glances.Nametag_Anna	Total_duration_of_Glances.Nametag_Bianca	Total_duration_of_Glances.Nametag_Carl(a)	Average_duration_of_Glances.Anna	Average_duration_of_Glances.Bianca	Average_duration_of_Glances.Board_Screen	Average_duration_of_Glances.Carl(a)	Average_duration_of_Glances.Classroom_Others	Average_duration_of_Glances.Disruptive_Person	Average_duration_of_Glances.Material_Students	Average_duration_of_Glances.Material_Teacher	Average_duration_of_Glances.Nametag_Anna	Average_duration_of_Glances.Nametag_Bianca	Average_duration_of_Glances.Nametag_Carl(a)	Minimum_duration_of_Glances.Anna	Minimum_duration_of_Glances.Bianca	Minimum_duration_of_Glances.Board_Screen	Minimum_duration_of_Glances.Carl(a)	Minimum_duration_of_Glances.Classroom_Others	Minimum_duration_of_Glances.Disruptive_Person	Minimum_duration_of_Glances.Material_Students	Minimum_duration_of_Glances.Material_Teacher	Minimum_duration_of_Glances.Nametag_Anna	Minimum_duration_of_Glances.Nametag_Bianca	Minimum_duration_of_Glances.Nametag_Carl(a)	Maximum_duration_of_Glances.Anna	Maximum_duration_of_Glances.Bianca	Maximum_duration_of_Glances.Board_Screen	Maximum_duration_of_Glances.Carl(a)	Maximum_duration_of_Glances.Classroom_Others	Maximum_duration_of_Glances.Disruptive_Person	Maximum_duration_of_Glances.Material_Students	Maximum_duration_of_Glances.Material_Teacher	Maximum_duration_of_Glances.Nametag_Anna	Maximum_duration_of_Glances.Nametag_Bianca	Maximum_duration_of_Glances.Nametag_Carl(a)	Number_of_Glances.Anna	Number_of_Glances.Bianca	Number_of_Glances.Board_Screen	Number_of_Glances.Carl(a)	Number_of_Glances.Classroom_Others	Number_of_Glances.Disruptive_Person	Number_of_Glances.Material_Students	Number_of_Glances.Material_Teacher	Number_of_Glances.Nametag_Anna	Number_of_Glances.Nametag_Bianca	Number_of_Glances.Nametag_Carl(a)	Time_to_first_Glance.Anna	Time_to_first_Glance.Bianca	Time_to_first_Glance.Board_Screen	Time_to_first_Glance.Carl(a)	Time_to_first_Glance.Classroom_Others	Time_to_first_Glance.Disruptive_Person	Time_to_first_Glance.Material_Students	Time_to_first_Glance.Material_Teacher	Time_to_first_Glance.Nametag_Anna	Time_to_first_Glance.Nametag_Bianca	Time_to_first_Glance.Nametag_Carl(a)	Duration_of_first_Glance.Anna	Duration_of_first_Glance.Bianca	Duration_of_first_Glance.Board_Screen	Duration_of_first_Glance.Carl(a)	Duration_of_first_Glance.Classroom_Others	Duration_of_first_Glance.Disruptive_Person	Duration_of_first_Glance.Material_Students	Duration_of_first_Glance.Material_Teacher	Duration_of_first_Glance.Nametag_Anna	Duration_of_first_Glance.Nametag_Bianca	Duration_of_first_Glance.Nametag_Carl(a)	Total_duration_of_whole_fixations	Average_duration_of_whole_fixations	Number_of_whole_fixations	Duration_of_first_whole_fixation	Average_whole-fixation_pupil_diameter	Number_of_saccades	Average_peak_velocity_of_saccades	Minimum_peak_velocity_of_saccades	Maximum_peak_velocity_of_saccades	Standard_deviation_of_peak_velocity_of_saccades	Average_amplitude_of_saccades	Minimum_amplitude_of_saccades	Maximum_amplitude_of_saccades	Total_amplitude_of_saccades	Time_to_first_saccade	Direction_of_first_saccade	Peak_velocity_of_first_saccade	Average_velocity_of_first_saccade	Amplitude_of_first_saccade	Number_of_saccades_in_AOI.Anna	Number_of_saccades_in_AOI.Bianca	Number_of_saccades_in_AOI.Board_Screen	Number_of_saccades_in_AOI.Carl(a)	Number_of_saccades_in_AOI.Classroom_Others	Number_of_saccades_in_AOI.Disruptive_Person	Number_of_saccades_in_AOI.Material_Students	Number_of_saccades_in_AOI.Material_Teacher	Number_of_saccades_in_AOI.Nametag_Anna	Number_of_saccades_in_AOI.Nametag_Bianca	Number_of_saccades_in_AOI.Nametag_Carl(a)	Time_to_entry_saccade.Anna	Time_to_entry_saccade.Bianca	Time_to_entry_saccade.Board_Screen	Time_to_entry_saccade.Carl(a)	Time_to_entry_saccade.Classroom_Others	Time_to_entry_saccade.Disruptive_Person	Time_to_entry_saccade.Material_Students	Time_to_entry_saccade.Material_Teacher	Time_to_entry_saccade.Nametag_Anna	Time_to_entry_saccade.Nametag_Bianca	Time_to_entry_saccade.Nametag_Carl(a)	Time_to_exit_saccade.Anna	Time_to_exit_saccade.Bianca	Time_to_exit_saccade.Board_Screen	Time_to_exit_saccade.Carl(a)	Time_to_exit_saccade.Classroom_Others	Time_to_exit_saccade.Disruptive_Person	Time_to_exit_saccade.Material_Students	Time_to_exit_saccade.Material_Teacher	Time_to_exit_saccade.Nametag_Anna	Time_to_exit_saccade.Nametag_Bianca	Time_to_exit_saccade.Nametag_Carl(a)	Peak_velocity_of_entry_saccade.Anna	Peak_velocity_of_entry_saccade.Bianca	Peak_velocity_of_entry_saccade.Board_Screen	Peak_velocity_of_entry_saccade.Carl(a)	Peak_velocity_of_entry_saccade.Classroom_Others	Peak_velocity_of_entry_saccade.Disruptive_Person	Peak_velocity_of_entry_saccade.Material_Students	Peak_velocity_of_entry_saccade.Material_Teacher	Peak_velocity_of_entry_saccade.Nametag_Anna	Peak_velocity_of_entry_saccade.Nametag_Bianca	Peak_velocity_of_entry_saccade.Nametag_Carl(a)	Peak_velocity_of_exit_saccade.Anna	Peak_velocity_of_exit_saccade.Bianca	Peak_velocity_of_exit_saccade.Board_Screen	Peak_velocity_of_exit_saccade.Carl(a)	Peak_velocity_of_exit_saccade.Classroom_Others	Peak_velocity_of_exit_saccade.Disruptive_Person	Peak_velocity_of_exit_saccade.Material_Students	Peak_velocity_of_exit_saccade.Material_Teacher	Peak_velocity_of_exit_saccade.Nametag_Anna	Peak_velocity_of_exit_saccade.Nametag_Bianca	Peak_velocity_of_exit_saccade.Nametag_Carl(a)
Recording062	ProVisioNET_study_108_08	Female	Novice	Calibration_phase1	1	fullstream	23676	519141	0	0	0	1	0	0	0	0	0	0	0	0	0	0	0	0	0	0	0	0	0	0	0	0	0	0	0	0	0	0	0	0	0	0	0	0	0	0	0	0	0	0	0	0	0	0	0	0				0																																																																																																																																																																																																																																																																																																																																																																			16490	1178	14	80	5,88676	11	219,58	116,2	421,36	100,42	6,12	3,49	8,66	67,32	3189	201,5	159,36	159,36	6,12																																																							
Recording062	ProVisioNET_study_108_08	Female	Novice	Calibration_phase1_fix	1	fullstream	30000	519141	0	0	1	1	0	0	0	0	0	0	0	0	0	0	0	0	0	0	0	0	0	0	0	0	0	0	1	0	0	0	0	0	0	0	0	0	0	0	0	0	0	0	0	0	0	0	0	0			23676	0																							25355																						140	380		0	1979							140	380			198							140	380			80							140	380			400							1	1		0	10							26495	27035			25736							140	380			400							Classroom_Others		0	0		0	0																																								0	0		0	0																													140	380		0	3265							140	380			816							140	380			320							140	380			1139							1	1		0	4							26495	27035			25736							140	380			720							160	420		0	3385							160	420			846							160	420			360							160	420			1159							1	1		0	4							26475	26995			25696							160	420			760							22347	771	29	80	5,82387	22	211,54	105,81	463,73	97,96	6,51	2,44	12,2	143,29	3189	201,5	159,36	159,36	6,12	0	0		0	5							26475	26995			25696							26635	27415			26995							212,34	168,45			196,08							185,77	463,73			168,45						
Recording062	ProVisioNET_study_108_08	Female	Novice	Calibration_phase2	1	fullstream	25915	1634719	0	0	0	0	0	0	1	0	0	0	0	0	0	0	0	0	0	0	0	0	0	0	0	0	0	0	0	0	0	0	0	0	0	0	0	0	0	0	0	0	0	0	0	0	0	0	0	0							0																																																																																																																																																																																																																																																																																																																																																																20308	1269	16	80	5,7664	9	216,26	130,96	400,22	85,04	6,1	3,43	10,14	54,86	99	28,27	400,22	400,22	8,07																																																							
Recording062	ProVisioNET_study_108_08	Female	Novice	Calibration_phase2_fix	1	fullstream	30000	1634719	0	0	0	0	0	1	1	0	0	0	0	0	0	0	0	0	0	0	0	0	0	0	0	0	0	0	0	0	0	0	0	0	0	0	0	0	0	0	0	0	0	0	0	0	0	0	0	0						25915	0																																																																																																																																																																																																																																																																																																																																																																25745	1030	25	80	5,77156	14	224,73	118,79	400,22	89,45	6,23	3,43	11,86	87,18	99	28,27	400,22	400,22	8,07																																																							
Recording062	ProVisioNET_study_108_08	Female	Novice	Chatting_with_neighbour	1	fullstream	6103	1435556	0	0	0	0	0	0	0	0	0	1	0	0	0	0	0	0	0	0	0	0	0	0	0	0	0	0	0	0	0	0	0	0	0	1	0	0	0	0	0	0	0	0	0	0	0	0	0	0										0																								5239															1499	60		2365	400	2365			120			250	60		394	133	394			120			80	60		66	80	66			120			600	60		1799	240	1799			120			6	1		6	3	6			1			2379	0		280	4777	280			3858			80	60		1799	240	1799			120			Carl(a),Disruptive_Person	Carl(a),Disruptive_Person	0	0		0	0	0			0																																				0	0		0	0	0			0																									1879	60		2425	440	2425			120			939	60		808	440	808			120			460	60		66	440	66			120			1419	60		1939	440	1939			120			2	1		3	1	3			1			2379	0		280	4777	280			3858			1419	60		1939	440	1939			120			1959	60		2525	460	2525			160			979	60		842	460	842			160			480	60		66	460	66			160			1479	60		1979	460	1979			160			2	1		3	1	3			1			2319	0		240	4757	240			3818			1479	60		1979	460	1979			160			3938	328	12	80	4,45497	8	215,67	107,63	547,67	139,36	6,59	0,53	15,35	52,76	80	357,21	547,67	262,21	15,35	0	0		2	2	2			0						240	4757	240						4757														126,95	226,83	126,95						226,83										
Recording062	ProVisioNET_study_108_08	Female	Novice	Chatting_with_neighbour_fix	1	fullstream	30000	1435556	0	0	0	0	0	0	0	0	1	1	0	0	0	0	0	0	0	0	0	0	0	0	0	0	0	0	0	0	0	0	0	0	0	1	0	0	0	0	0	0	0	0	0	0	0	0	0	0									6103	0																								5239															14611	1959		4098	2356	2678		2299	120			696	653		410	262	383		575	120			80	60		100	58	100		120	120			2878	1499		1799	1259	1799		1879	120			21	3		10	9	7		4	1			2379	0		280	4777	280		17470	3858			80	60		1799	240	1799		180	120			Classroom_Others	Classroom_Others	0	0		0	0	0		0	0																																				0	0		0	0	0		0	0																									15651	1959		4218	2656	2758		2459	120			2236	653		1054	664	919		2459	120			80	60		420	80	400		2459	120			4537	1499		1939	1559	1939		2459	120			7	3		4	4	3		1	1			2379	0		280	4777	280		17470	3858			1419	60		1939	440	1939		2459	120			15951	2079		4317	2856	2858		2479	160			2279	693		1079	714	953		2479	160			100	60		440	140	400		2479	160			4597	1579		1979	1619	1979		2479	160			7	3		4	4	3		1	1			2319	0		240	4757	240		17450	3818			1479	60		1979	460	1979		2479	160			20248	547	37	80	4,34287	23	217,71	107,63	547,67	118,9	7,23	0,53	22,5	166,38	80	357,21	547,67	262,21	15,35	4	0		4	3	3		1	0			9414	20448		240	4757	240		17450				4757	23146			20448							150,83	352,61		126,95	226,83	126,95		159,53				226,83	365,99			352,61						
Recording062	ProVisioNET_study_108_08	Female	Novice	Clicking_pen	1	fullstream	11280	1075089	0	0	0	0	0	0	0	0	0	0	0	0	1	0	0	0	0	0	0	0	0	0	0	0	0	0	0	0	0	0	0	0	0	0	1	0	0	0	0	0	0	0	0	0	0	0	0	0													0																						10354														4036	0		668	1239	1268	600					269			334	138	317	300					80			288	80	100	100					520			380	440	500	500					15	0		2	9	4	2					0			9753	1398	9753	10193					378			380	440	380	100					Carl(a),Disruptive_Person	Carl(a),Disruptive_Person	0	0		0	0	0	0																																						0	0		0	0	0	0																											5196	0		668	1439	1527	620					742			334	206	1527	620					80			288	80	1527	620					1799			380	440	1527	620					7	0		2	7	1	1					0			9753	1398	9753	10193					1278			380	440	1527	620					5355	0		748	1759	1527	680					765			374	251	1527	680					80			368	100	1527	680					1859			380	460	1527	680					7	0		2	7	1	1					0			9753	1378	9753	10133					1278			380	460	1527	680					3278	219	15	320	4,23709	7	220,08	119,08	357,6	86,19	5,99	2,83	17,36	41,91	1278	201,74	183,37	183,37	2,97	0	0		0	1	1	0					1837				1378		10133					1278			10133	1837							119,08				119,24		357,6					183,37			357,6	119,08						
Recording062	ProVisioNET_study_108_08	Female	Novice	Clicking_pen_fix	1	fullstream	30000	1075089	0	0	0	0	0	0	0	0	0	0	0	1	1	0	0	0	0	0	0	0	0	0	0	0	0	0	0	0	0	0	0	0	0	0	1	0	0	0	0	0	0	0	0	0	0	0	0	0												11280	0																						10354														13350	0		3838	2479	1779	680					371			480	155	445	227					80			80	80	100	80					1359			800	440	800	500					36	0		8	16	4	3					0			9753	1398	9753	10193					378			380	440	380	100					Anna	Anna	0	0		0	0	0	0																																						0	0		0	0	0	0																											15968	0		4038	3078	2039	700					998			1346	237	2039	350					80			380	80	2039	80					3157			2019	780	2039	620					16	0		3	13	1	2					0			9753	1398	9753	10193					1278			380	440	2039	620					16348	0		4198	3598	2039	760					1022			1399	277	2039	380					80			380	100	2039	80					3177			2099	780	2039	680					16	0		3	13	1	2					0			9753	1378	9753	10133					1278			380	460	2039	680					9834	317	31	320	4,33111	16	216,98	117,76	361,81	89,18	6,79	2,83	17,36	108,66	1278	201,74	183,37	183,37	2,97	0	0		1	1	1	0					1837				1378		10133					1278			10133	1837		24164					119,08				119,24		357,6					183,37			357,6	119,08		126,08				
Recording062	ProVisioNET_study_108_08	Female	Novice	Drawing	1	fullstream	30000	716477	0	0	0	0	0	0	0	0	0	0	0	0	0	0	0	1	0	0	0	0	0	0	0	0	0	0	0	0	0	0	0	0	0	0	0	0	0	0	0	0	0	0	0	0	0	0	0	0																0																																	2935	1559		100	4777	740	640	8855				326	390		100	478	247	320	253				80	80		100	80	100	200	80				680	680		100	1479	440	440	680				9	4		1	10	3	2	35				1619	21507		15951	5217	15951	26904	0				80	660		100	120	100	200	320				Anna	Anna	0	0		0	0	0	0	0																																					0	0		0	0	0	0	0																										3635	1599		100	5657	760	660	13572				606	800		100	1131	380	660	1939				80	660		100	80	100	660	600				1499	939		100	3538	660	660	4337				6	2		1	5	2	1	7				1619	21507		15951	5217	15951	26904	0				1499	660		100	560	100	660	1399				3895	1719		120	5797	840	720	13852				649	860		120	1159	420	720	1979				140	700		120	80	120	720	620				1519	1019		120	3578	720	720	4397				6	2		1	5	2	1	7				1599	21468		15931	5217	15931	26844	0				1519	700		120	560	120	720	1399				14632	311	47	80	4,03964	36	269,91	103,12	685,1	148,64	11	1,18	29,83	396,07	899	298,46	137,63	137,63	2,36	1	2		0	2	1	1	22				22167				7036	26844	26844	5777				7036	22167			5777			5097				296,18				215,55	410,69	410,69	251,55				215,55	296,18			251,55			365,1			
Recording062	ProVisioNET_study_108_08	Female	Novice	Drawing_fix	1	fullstream	30000	716477	0	0	0	0	0	0	0	0	0	0	0	0	0	0	0	1	0	0	0	0	0	0	0	0	0	0	0	0	0	0	0	0	0	0	0	0	0	0	0	0	0	0	0	0	0	0	0	0																0																																	2935	1559		100	4777	740	640	8855				326	390		100	478	247	320	253				80	80		100	80	100	200	80				680	680		100	1479	440	440	680				9	4		1	10	3	2	35				1619	21507		15951	5217	15951	26904	0				80	660		100	120	100	200	320				Anna	Anna	0	0		0	0	0	0	0																																					0	0		0	0	0	0	0																										3635	1599		100	5657	760	660	13572				606	800		100	1131	380	660	1939				80	660		100	80	100	660	600				1499	939		100	3538	660	660	4337				6	2		1	5	2	1	7				1619	21507		15951	5217	15951	26904	0				1499	660		100	560	100	660	1399				3895	1719		120	5797	840	720	13852				649	860		120	1159	420	720	1979				140	700		120	80	120	720	620				1519	1019		120	3578	720	720	4397				6	2		1	5	2	1	7				1599	21468		15931	5217	15931	26844	0				1519	700		120	560	120	720	1399				14632	311	47	80	4,03964	36	269,91	103,12	685,1	148,64	11	1,18	29,83	396,07	899	298,46	137,63	137,63	2,36	1	2		0	2	1	1	22				22167				7036	26844	26844	5777				7036	22167			5777			5097				296,18				215,55	410,69	410,69	251,55				215,55	296,18			251,55			365,1			
Recording062	ProVisioNET_study_108_08	Female	Novice	Drumming_with_hands	1	fullstream	5352	1255979	0	0	0	0	0	0	0	0	0	0	0	0	0	0	0	0	0	0	1	0	0	0	0	0	0	0	0	0	0	0	0	0	0	0	0	0	1	0	0	0	0	0	0	0	0	0	0	0																			0																		3555												620	1811		0	442	1811		760		80		620	362			111	362		380		80		620	120			23	120		160		80		620	1051			220	1051		600		80		1	5		0	4	5		2		1		1702	982			0	982		43		2981		620	120			23	120		600		80		Bianca,Disruptive_Person	Bianca,Disruptive_Person	0	0		0	0	0		0		0																																			0	0		0	0	0		0		0																								620	1871		0	522	1871		760		80		620	624			174	624		380		80		620	220			23	220		160		80		620	1051			280	1051		600		80		1	3		0	3	3		2		1		1702	982			0	982		43		2981		620	600			23	600		600		80		700	2011		0	642	2011		760		100		700	670			214	670		380		100		700	280			23	280		160		100		700	1091			360	1091		600		100		1	3		0	3	3		2		1		1622	942			0	942		43		2961		700	640			23	640		600		100		1779	222	8	120	4,08427	5	296,17	102,5	554,27	192,28	16,32	2,49	31,21	81,62	1102	189,58	102,5	102,5	10,98	0	2		0	0	2		0		0			2321			2601	2321				2961		2321	2601			2961	2601							430,06			554,27	430,06				141,5		430,06	554,27			141,5	554,27					
Recording062	ProVisioNET_study_108_08	Female	Novice	Drumming_with_hands_fix	1	fullstream	30000	1255979	0	0	0	0	0	0	0	0	0	0	0	0	0	0	0	0	0	1	1	0	0	0	0	0	0	0	0	0	0	0	0	0	0	0	0	0	1	0	0	0	0	0	0	0	0	0	0	0																		5352	0																		3555												1899	4138		380	5060	2878		12932		80		633	517		127	316	576		462		80		580	120		80	23	120		60		80		700	2119		200	1119	2119		1879		80		3	8		3	16	5		28		1		1702	982		26147	0	982		43		2981		620	120		200	23	120		600		80		Material_Teacher		0	0		0	0	0		0		0																																			0	0		0	0	0		0		0																								1899	4198		380	5839	2938		14646		80		633	700		127	973	979		2092		80		580	220		80	23	220		160		80		700	2119		200	4078	2119		5137		80		3	6		3	6	3		7		1		1702	982		26147	0	982		43		2981		620	600		200	23	600		600		80		2059	4557		500	5979	3078		14846		100		686	760		167	997	1026		2121		100		640	280		100	23	280		160		100		720	2159		260	4078	2159		5177		100		3	6		3	6	3		7		1		1622	942		26087	0	942		43		2961		700	640		260	23	640		600		100		17730	443	40	120	4,04404	33	245,65	100,79	554,27	157,73	8,49	0,81	31,21	280,13	1102	189,58	102,5	102,5	10,98	0	2		0	4	2		15		0		26847	2321		26087	2601	2321		11016		2961		2321	2601		26347	2961	2601		13515				499,58	430,06		537,88	554,27	430,06		198,09		141,5		430,06	554,27		527,61	141,5	554,27		131,77			
Recording062	ProVisioNET_study_108_08	Female	Novice	Head_on_table	1	fullstream	4840	1345432	0	0	0	0	0	0	0	0	0	0	0	0	0	0	0	0	0	0	0	0	0	1	0	0	0	0	0	0	0	0	0	0	0	0	0	0	0	1	0	0	0	0	0	0	0	0	0	0																						0																2757											2285	0		0		2139		1356	220			326					428		1356	220			26					80		1356	220			959					959		1356	220			7	0		0		5		1	1			1676					1676		0	2276			80					80		1356	220			Anna	Anna	0	0		0		0		0	0																																				0	0		0		0		0	0																									2705	0		0		2519		1356	220			902					1259		1356	220			186					540		1356	220			1979					1979		1356	220			3	0		0		2		1	1			1676					1676		0	2276			540					540		1356	220			2785	0		0		2578		1356	280			928					1289		1356	280			206					560		1356	280			2019					2019		1356	280			3	0		0		2		1	1			1656					1656		0	2216			560					560		1356	280			1439	288	5	80	4,09081	2	283,35	123,34	443,36	226,29	13,61	3,77	23,46	27,23	2216	203,06	443,36	299,97	23,46	0	0		0		0		0	0			4634								2216			2216					2216						123,34								443,36			443,36					443,36					
Recording062	ProVisioNET_study_108_08	Female	Novice	Head_on_table_fix	1	fullstream	30000	1345432	0	0	0	0	0	0	0	0	0	0	0	0	0	0	0	0	0	0	0	0	1	1	0	0	0	0	0	0	0	0	0	0	0	0	0	0	0	1	0	0	0	0	0	0	0	0	0	0																					4840	0																2757											8036	4957		800	80	2139		10551	220			618	708		267	80	428		1319	220			80	80		80	80	80		260	220			2119	1859		580	80	959		2698	220			13	7		3	1	5		8	1			1676	11790		13689	27961	1676		0	2276			80	1419		80	80	80		1356	220			Anna	Anna	0	0		0	0	0		0	0																																				0	0		0	0	0		0	0																									8676	5017		1699	80	2519		10711	220			1735	1254		1699	80	1259		2678	220			320	280		1699	80	540		1356	220			3978	2159		1699	80	1979		3518	220			5	4		1	1	2		4	1			1676	11790		13689	27961	1676		0	2276			540	1419		1699	80	540		1356	220			8815	5117		1699	140	2578		10831	280			1763	1279		1699	140	1289		2708	280			340	300		1699	140	560		1356	280			3998	2159		1699	140	2019		3538	280			5	4		1	1	2		4	1			1656	11750		13689	27901	1656		0	2216			560	1459		1699	140	560		1356	280			16830	801	21	80	3,96138	12	276,9	104,22	443,36	115,18	10,09	3,77	23,46	121,11	2216	203,06	443,36	299,97	23,46	2	3		0	0	0		4	0			4634	23583							2216			2216					2216						123,34	333,86							443,36			443,36					443,36					
Recording062	ProVisioNET_study_108_08	Female	Novice	Heckling	1	fullstream	4844	984881	0	0	0	0	0	0	0	0	0	0	0	0	0	0	0	0	0	0	0	0	0	0	0	0	1	0	0	0	0	0	0	0	0	0	0	0	0	0	1	0	0	0	0	0	0	0	0	0																									0														4422										0	2605		60	440	2605							521		60	110	521							86		60	80	86							1259		60	140	1259						0	5		1	4	5							240		0	2998	240							500		60	80	500						Bianca,Disruptive_Person	Bianca,Disruptive_Person	0	0		0	0	0																																							0	0		0	0	0																												0	2965		60	540	2965							1482		60	540	1482							1166		60	540	1166							1799		60	540	1799						0	2		1	1	2							240		0	2998	240							1799		60	540	1799						0	3085		60	540	3085							1542		60	540	1542							1206		60	540	1206							1879		60	540	1879						0	2		1	1	2							160		0	2998	160							1879		60	540	1879						0		0			0														0	0		0	0	0																																																	
Recording062	ProVisioNET_study_108_08	Female	Novice	Heckling_fix	1	fullstream	30000	984881	0	0	0	0	0	0	0	0	0	0	0	0	0	0	0	0	0	0	0	0	0	0	0	1	1	0	0	0	0	0	0	0	0	0	0	0	0	0	1	0	0	0	0	0	0	0	0	0																								4844	0														4422										0	17450		5335	1519	2918							793		485	190	486							80		60	80	140							3378		1299	520	1259						0	22		11	8	6							240		0	2998	240							500		60	80	500						Carl(a)	Carl(a)	0	0		0	0	0																																							0	0		0	0	0																												0	19369		5914	1879	3338							2767		1183	470	1669							100		60	80	1539							10034		2798	919	1799						0	7		5	4	2							240		0	2998	240							1799		60	540	1799						0	19689		6014	1999	3458							2813		1203	500	1729							140		60	140	1579							10094		2838	939	1879						0	7		5	4	2							160		0	2998	160							1879		60	540	1879						11733	587	20	140	4,48453	9	268,68	183,08	496,98	97,86	5,79	0,67	16,84	52,07	5497	106,63	183,08	182,49	2,98	0	0		2	0	0							5497		22187	11513								11513			22187								183,08		496,98	226,53								226,53			496,98						
Recording062	ProVisioNET_study_108_08	Female	Novice	Lesson	1	fullstream	1058351	544497	0	1	0	0	0	0	0	1	1	1	1	1	1	1	1	1	1	1	1	1	1	1	1	1	1	0	1	0	0	0	1	1	1	1	1	0	1	1	1	1	1	1	1	1	1	1	1	2		4644						921059	897162	891059	560592	541873	530593	201980	201980	171981	741482	716834	711483	830935	805776	800936	470384	445228	440384		0				380996	381212	350996	896298	540946		715038	803692	444806	377341	622672	278280	650915	623856	620915	293261	280606	273262	244218	174538	18709	101021	79374	37618	2239	173738	1559	1379	360	593	535	398	457	272	392	204	543	173	197	360	80	80	80	80	80	80	80	60	80	80	360	5037	6396	1339	4457	2339	2119	500	5317	320	380	360	412	326	47	221	292	96	11	320	9	7	1	1140	1680	6617	11334	380	187931	198885	8336	46434	19449	606687	140	380	180	100	400	100	200	80	140	120	360	Classroom_Others		760	0	0	0	0	0	0	0	0	0	0	760											760											760											1	0	0	0	0	0	0	0	0	0	0	132803											760											274179	196225	22267	117191	103730	43954	2279	191328	1579	1399	360	1735	1545	2024	1429	603	1465	253	1894	197	233	360	80	80	80	80	80	100	80	80	80	80	360	16830	10814	7616	19249	5137	15491	660	10254	320	380	360	158	127	11	82	172	30	9	101	8	6	1	1140	1680	6617	11334	380	187931	198885	8336	46434	19449	606687	140	380	180	100	720	100	660	340	260	280	360	279476	201342	22667	119670	109026	45014	2519	194546	1859	1599	380	1769	1585	2061	1459	634	1500	280	1926	232	267	380	80	100	140	100	80	120	80	80	80	100	380	16870	10814	7676	19269	5137	15511	720	10294	360	400	380	158	127	11	82	172	30	9	101	8	6	1	1120	1640	6557	11274	340	187911	198825	8236	46354	19409	606667	160	420	240	160	760	120	720	440	340	320	380	538005	483	1113	240	4,16987	638	228,7	100,71	1061,99	128,72	8,45	0,52	31,21	5390,05	340	91,16	196,08	161,48	9,33	52	63	24	35	55	19	1	157	1	1	0	1120	1640	124228	45974	340	198825	198825	16511	324512	31482	606667	1280	2059	135202	16511	1640	274381	340063	45974	324872	31702		212,34	168,45	129,84	310,82	196,08	410,69	410,69	499,66	331,93	300,37	124,74	185,77	463,73	133,09	499,66	168,45	433,03	256,77	310,82	292,76	128,69	
Recording062	ProVisioNET_study_108_08	Female	Novice	Letter_search	1	fullstream	48264	1692020	0	0	0	0	0	0	0	0	0	0	0	0	0	0	0	0	0	0	0	0	0	0	0	0	0	0	0	1	0	1	0	0	0	0	0	0	0	0	0	0	0	0	0	0	0	0	0	0																												30000		0																																																																																																																																																																																																																																																																																																																																									26444	203	130	640	4,18805	91	279,05	100,16	546,24	122,3	10,66	0,67	27,4	969,94	84	279,66	200,59	165,5	10,53																																																							
Recording062	ProVisioNET_study_108_08	Female	Novice	Letter_search_fix	1	fullstream	30000	1692020	0	0	0	0	0	0	0	0	0	0	0	0	0	0	0	0	0	0	0	0	0	0	0	0	0	0	0	0	0	1	0	0	0	0	0	0	0	0	0	0	0	0	0	0	0	0	0	0																														0																																																																																																																																																																																																																																																																																																																																									16670	198	84	640	4,17312	59	284,86	100,16	505,79	111,65	11,12	0,67	24,82	655,8	84	279,66	200,59	165,5	10,53																																																							
Recording062	ProVisioNET_study_108_08	Female	Novice	Looking_at_phone	1	fullstream	30216	895493	0	0	0	0	0	0	0	0	0	0	0	0	0	0	0	0	0	0	0	0	0	0	0	0	0	0	0	0	0	0	1	0	1	0	0	0	0	0	0	1	0	0	0	0	0	0	0	0																															30000		0							26345									19729	200		0	2079	20468	160		420			438	200			173	409	80		210			80	200			80	80	80		160			1699	200			240	1699	80		260			45	1		0	12	50	2		2			0	29703			3158	0	4178		22747			140	200			160	140	80		160			Classroom_Others		0	0		0	0	0	0		0																																				0	0		0	0	0	0		0																									23666	200		0	2459	24905	160		420			1820	200			410	2491	80		210			80	200			160	100	80		160			13612	200			1059	15491	80		260			13	1		0	6	10	2		2			0	29703			3158	0	4178		22747			2239	200			440	2239	80		160			24046	280		0	2698	25165	160		440			1850	280			450	2517	80		220			100	280			220	140	80		160			13632	280			1079	15511	80		280			13	1		0	6	10	2		2			0	29623			3098	0	4178		22747			2239	280			500	2239	80		160			13312	350	38	160	4,24874	16	212,6	103,81	410,8	90,11	7,61	3,53	18,21	121,81	4277	84,89	159,48	159,48	6,7	6	0		0	4	10	0		0			4277				20788	4277						20788	29903			29343	28263						159,48				155,93	159,48						155,93	410,8			205,65	103,81					
Recording062	ProVisioNET_study_108_08	Female	Novice	Looking_at_phone_fix	1	fullstream	30000	895493	0	0	0	0	0	0	0	0	0	0	0	0	0	0	0	0	0	0	0	0	0	0	0	0	0	0	0	0	0	0	0	0	1	0	0	0	0	0	0	1	0	0	0	0	0	0	0	0																																	0							26345									19729	200		0	1956	20468	160		420			438	200			163	409	80		210			80	200			38	80	80		160			1699	200			240	1699	80		260			45	1		0	12	50	2		2			0	29703			3158	0	4178		22747			140	200			160	140	80		160			Classroom_Others	Classroom_Others	0	0		0	0	0	0		0																																				0	0		0	0	0	0		0																									23666	200		0	2336	24905	160		420			1820	200			389	2491	80		210			80	200			38	100	80		160			13612	200			1059	15491	80		260			13	1		0	6	10	2		2			0	29703			3158	0	4178		22747			2239	200			440	2239	80		160			24046	280		0	2576	25165	160		440			1850	280			429	2517	80		220			100	280			97	140	80		160			13632	280			1079	15511	80		280			13	1		0	6	10	2		2			0	29623			3098	0	4178		22747			2239	280			500	2239	80		160			13152	355	37	160	4,24526	16	212,6	103,81	410,8	90,11	7,61	3,53	18,21	121,81	4277	84,89	159,48	159,48	6,7	6	0		0	4	10	0		0			4277				20788	4277						20788	29903			29343	28263						159,48				155,93	159,48						155,93	410,8			205,65	103,81					
Recording062	ProVisioNET_study_108_08	Female	Novice	Snipping_with_fingers	1	fullstream	2941	1165412	0	0	0	0	0	0	0	0	0	0	0	0	0	0	0	0	0	0	0	0	0	0	0	0	0	0	0	0	0	0	0	0	0	0	0	0	0	0	0	0	1	0	0	0	1	0	0	0																																									1757				0				1579	0		460	0	1579						226			460		226						120			460		120						440			460		440						7	0		1	0	7						723			3		723						200			460		200						Anna,Disruptive_Person	Anna,Disruptive_Person	0	0		0	0	0																																							0	0		0	0	0																												2059	0		460	0	2059						1029			460		1029						919			460		919						1139			460		1139						2	0		1	0	2						723			3		723						919			460		919						2139	0		463	0	2139						1069			463		1069						919			463		919						1219			463		1219						2	0		1	0	2						723			0		723						919			463		919						1659	277	6	480	4,55398	2	152,08	139,07	165,08	18,39	5,26	4,37	6,16	10,53	1422	63,97	139,07	139,07	6,16	2	0		0	0	2																																																	
Recording062	ProVisioNET_study_108_08	Female	Novice	Snpping_with_fingers_fix	1	fullstream	30000	1165412	0	0	0	0	0	0	0	0	0	0	0	0	0	0	0	0	0	0	0	0	0	0	0	0	0	0	0	0	0	0	0	0	0	0	0	0	0	0	0	0	1	0	0	1	1	0	0	0																																									1757			2941	0				6856	5471		460	3058	1659		440				312	684		460	255	237		147				80	80		460	80	120		120				1199	1399		460	660	440		180				22	8		1	12	7		3				723	16434		3	3821	723		20151				200	80		460	660	200		140				Bianca	Bianca	0	0		0	0	0		0																																					0	0		0	0	0		0																										8875	6851		460	6996	2139		740				986	2284		460	1399	1069		740				400	874		460	200	919		740				1999	4477		460	5137	1219		740				9	3		1	5	2		1				723	16434		3	3821	723		20151				919	1499		460	820	919		740				9175	6971		463	7116	2219		800				1019	2324		463	1423	1109		800				460	934		463	240	919		800				2079	4517		463	5137	1299		800				9	3		1	5	2		1				723	16414		0	3821	723		20091				919	1519		463	820	919		800				10894	419	26	480	4,48185	7	215,91	102,98	349,1	112,62	7,41	2,56	15,13	51,9	1422	63,97	139,07	139,07	6,16	2	2		0	1	2		1								27707																						349,1																	
Recording062	ProVisioNET_study_108_08	Female	Novice	Whispering	1	fullstream	7344	817758	0	0	0	0	0	0	0	0	0	0	0	0	0	0	0	0	0	0	0	0	0	0	0	0	0	0	0	0	0	0	0	0	0	0	0	0	0	0	0	0	0	1	0	0	0	0	0	2																																										5018						0	2419	2219		300	200	2219		100				605	247		300	100	247		100				80	80		300	80	80		100				1939	520		300	120	520		100				4	9		1	2	9		1				380	600		1179	5257	600		0				140	520		300	80	520		100				Classroom_Others		0	0		0	0	0		0																																					0	0		0	0	0		0																										2459	2419		300	448	2419		100				820	484		300	224	484		100				140	320		300	80	320		100				1939	740		300	368	740		100				3	5		1	2	5		1				380	600		1179	5257	600		0				140	520		300	80	520		100				2559	2598		360	448	2598		100				853	520		360	224	520		100				200	400		360	80	400		100				1959	760		360	368	760		100				3	5		1	2	5		1				320	580		1119	5257	580		0				200	540		360	80	540		100				3438	573	6	140	4,33959	5	285,12	126,32	433,03	144,95	13,02	2,38	23	65,08	1119	15,15	433,03	309,58	6,85	0	0		0	0	0		0				1879	1479		1119		1479						3838	1119		1479		1119						126,32	403,68		433,03		403,68						323,75	433,03		403,68		433,03					
Recording062	ProVisioNET_study_108_08	Female	Novice	Whispering_fix	1	fullstream	20000	817758	0	0	0	0	0	0	0	0	0	0	0	0	0	0	0	0	0	0	0	0	0	0	0	0	0	0	0	0	0	0	0	0	0	0	0	0	0	0	0	0	0	1	0	0	0	0	1	2																																										5018					7344	0	2579	2870		1139	3078	2219		5657				516	261		570	513	247		514				80	80		300	80	80		80				1939	520		840	1479	520		2099				5	11		2	6	9		11				380	600		1179	5257	600		0				140	520		300	80	520		100				Bianca	Bianca	0	0		0	0	0		0																																					0	0		0	0	0		0																										2618	3070		1139	3618	2419		5877				655	439		570	724	484		1175				140	271		300	80	320		100				1939	740		840	1479	740		3098				4	7		2	5	5		5				380	600		1179	5257	600		0				140	520		300	80	520		100				2738	3349		1239	3658	2598		5937				685	478		620	732	520		1187				180	311		360	80	400		100				1959	760		879	1499	760		3098				4	7		2	5	5		5				320	580		1119	5257	580		0				200	540		360	80	540		100				9235	616	15	140	4,19919	14	251,17	109,95	470,79	131,47	9,12	2,38	23	127,72	1119	15,15	433,03	309,58	6,85	0	0		0	0	0		3				1879	1479		1119	11913	1479		11453				3838	1119		1479	11453	1119		11913				126,32	403,68		433,03	169,43	403,68		178,5				323,75	433,03		403,68	178,5	433,03		169,43			
=======
﻿Recording	Participant	Gender	Group	TOI	Interval	Media	Duration_of_interval	Start_of_interval	Number_of_Events.Logged_live_Event	Number_of_Events.Calibration1_fix_offset	Number_of_Events.Calibration1_offset	Number_of_Events.Calibration1_onset	Number_of_Events.Calibration2_fix_offset	Number_of_Events.Calibration2_offset	Number_of_Events.Calibration2_onset	Number_of_Events.Chatting_fix_offset	Number_of_Events.Chatting_offset	Number_of_Events.Chatting_onset	Number_of_Events.Clicking_fix_offset	Number_of_Events.Clicking_offset	Number_of_Events.Clicking_onset	Number_of_Events.Drawing_fix_offset	Number_of_Events.Drawing_offset	Number_of_Events.Drawing_onset	Number_of_Events.Drumming_fix_offset	Number_of_Events.Drumming_offset	Number_of_Events.Drumming_onset	Number_of_Events.Head_fix_offset	Number_of_Events.Head_offset	Number_of_Events.Head_onset	Number_of_Events.Heckling_fix_offset	Number_of_Events.Heckling_offset	Number_of_Events.Heckling_onset	Number_of_Events.Lesson_end	Number_of_Events.Lesson_start	Number_of_Events.Letter_search_fix_offset	Number_of_Events.Letter_search_offset	Number_of_Events.Letter_search_onset	Number_of_Events.Phone_fix_offset	Number_of_Events.Phone_offset	Number_of_Events.Phone_onset	Number_of_Events.Reaction_chatting	Number_of_Events.Reaction_clicking	Number_of_Events.Reaction_drawing	Number_of_Events.Reaction_drumming	Number_of_Events.Reaction_head	Number_of_Events.Reaction_heckling	Number_of_Events.Reaction_phone	Number_of_Events.Reaction_snipping	Number_of_Events.Reaction_whispering	Number_of_Events.Snipping_fix_offset	Number_of_Events.Snipping_offset	Number_of_Events.Snipping_onset	Number_of_Events.Whispering_fix_offset	Number_of_Events.Whispering_offset	Number_of_Events.Whispering_onset	Time_to_first_Event.Logged_live_Event	Time_to_first_Event.Calibration1_fix_offset	Time_to_first_Event.Calibration1_offset	Time_to_first_Event.Calibration1_onset	Time_to_first_Event.Calibration2_fix_offset	Time_to_first_Event.Calibration2_offset	Time_to_first_Event.Calibration2_onset	Time_to_first_Event.Chatting_fix_offset	Time_to_first_Event.Chatting_offset	Time_to_first_Event.Chatting_onset	Time_to_first_Event.Clicking_fix_offset	Time_to_first_Event.Clicking_offset	Time_to_first_Event.Clicking_onset	Time_to_first_Event.Drawing_fix_offset	Time_to_first_Event.Drawing_offset	Time_to_first_Event.Drawing_onset	Time_to_first_Event.Drumming_fix_offset	Time_to_first_Event.Drumming_offset	Time_to_first_Event.Drumming_onset	Time_to_first_Event.Head_fix_offset	Time_to_first_Event.Head_offset	Time_to_first_Event.Head_onset	Time_to_first_Event.Heckling_fix_offset	Time_to_first_Event.Heckling_offset	Time_to_first_Event.Heckling_onset	Time_to_first_Event.Lesson_end	Time_to_first_Event.Lesson_start	Time_to_first_Event.Letter_search_fix_offset	Time_to_first_Event.Letter_search_offset	Time_to_first_Event.Letter_search_onset	Time_to_first_Event.Phone_fix_offset	Time_to_first_Event.Phone_offset	Time_to_first_Event.Phone_onset	Time_to_first_Event.Reaction_chatting	Time_to_first_Event.Reaction_clicking	Time_to_first_Event.Reaction_drawing	Time_to_first_Event.Reaction_drumming	Time_to_first_Event.Reaction_head	Time_to_first_Event.Reaction_heckling	Time_to_first_Event.Reaction_phone	Time_to_first_Event.Reaction_snipping	Time_to_first_Event.Reaction_whispering	Time_to_first_Event.Snipping_fix_offset	Time_to_first_Event.Snipping_offset	Time_to_first_Event.Snipping_onset	Time_to_first_Event.Whispering_fix_offset	Time_to_first_Event.Whispering_offset	Time_to_first_Event.Whispering_onset	Total_duration_of_fixations.Anna	Total_duration_of_fixations.Bianca	Total_duration_of_fixations.Board_Screen	Total_duration_of_fixations.Carl(a)	Total_duration_of_fixations.Classroom_Others	Total_duration_of_fixations.Disruptive_Person	Total_duration_of_fixations.Material_Students	Total_duration_of_fixations.Material_Teacher	Total_duration_of_fixations.Nametag_Anna	Total_duration_of_fixations.Nametag_Bianca	Total_duration_of_fixations.Nametag_Carl(a)	Average_duration_of_fixations.Anna	Average_duration_of_fixations.Bianca	Average_duration_of_fixations.Board_Screen	Average_duration_of_fixations.Carl(a)	Average_duration_of_fixations.Classroom_Others	Average_duration_of_fixations.Disruptive_Person	Average_duration_of_fixations.Material_Students	Average_duration_of_fixations.Material_Teacher	Average_duration_of_fixations.Nametag_Anna	Average_duration_of_fixations.Nametag_Bianca	Average_duration_of_fixations.Nametag_Carl(a)	Minimum_duration_of_fixations.Anna	Minimum_duration_of_fixations.Bianca	Minimum_duration_of_fixations.Board_Screen	Minimum_duration_of_fixations.Carl(a)	Minimum_duration_of_fixations.Classroom_Others	Minimum_duration_of_fixations.Disruptive_Person	Minimum_duration_of_fixations.Material_Students	Minimum_duration_of_fixations.Material_Teacher	Minimum_duration_of_fixations.Nametag_Anna	Minimum_duration_of_fixations.Nametag_Bianca	Minimum_duration_of_fixations.Nametag_Carl(a)	Maximum_duration_of_fixations.Anna	Maximum_duration_of_fixations.Bianca	Maximum_duration_of_fixations.Board_Screen	Maximum_duration_of_fixations.Carl(a)	Maximum_duration_of_fixations.Classroom_Others	Maximum_duration_of_fixations.Disruptive_Person	Maximum_duration_of_fixations.Material_Students	Maximum_duration_of_fixations.Material_Teacher	Maximum_duration_of_fixations.Nametag_Anna	Maximum_duration_of_fixations.Nametag_Bianca	Maximum_duration_of_fixations.Nametag_Carl(a)	Number_of_fixations.Anna	Number_of_fixations.Bianca	Number_of_fixations.Board_Screen	Number_of_fixations.Carl(a)	Number_of_fixations.Classroom_Others	Number_of_fixations.Disruptive_Person	Number_of_fixations.Material_Students	Number_of_fixations.Material_Teacher	Number_of_fixations.Nametag_Anna	Number_of_fixations.Nametag_Bianca	Number_of_fixations.Nametag_Carl(a)	Time_to_first_fixation.Anna	Time_to_first_fixation.Bianca	Time_to_first_fixation.Board_Screen	Time_to_first_fixation.Carl(a)	Time_to_first_fixation.Classroom_Others	Time_to_first_fixation.Disruptive_Person	Time_to_first_fixation.Material_Students	Time_to_first_fixation.Material_Teacher	Time_to_first_fixation.Nametag_Anna	Time_to_first_fixation.Nametag_Bianca	Time_to_first_fixation.Nametag_Carl(a)	Duration_of_first_fixation.Anna	Duration_of_first_fixation.Bianca	Duration_of_first_fixation.Board_Screen	Duration_of_first_fixation.Carl(a)	Duration_of_first_fixation.Classroom_Others	Duration_of_first_fixation.Disruptive_Person	Duration_of_first_fixation.Material_Students	Duration_of_first_fixation.Material_Teacher	Duration_of_first_fixation.Nametag_Anna	Duration_of_first_fixation.Nametag_Bianca	Duration_of_first_fixation.Nametag_Carl(a)	Last_AOI_viewed	AOI_at_interval_end	Total_duration_of_whole_fixations.Anna	Total_duration_of_whole_fixations.Bianca	Total_duration_of_whole_fixations.Board_Screen	Total_duration_of_whole_fixations.Carl(a)	Total_duration_of_whole_fixations.Classroom_Others	Total_duration_of_whole_fixations.Disruptive_Person	Total_duration_of_whole_fixations.Material_Students	Total_duration_of_whole_fixations.Material_Teacher	Total_duration_of_whole_fixations.Nametag_Anna	Total_duration_of_whole_fixations.Nametag_Bianca	Total_duration_of_whole_fixations.Nametag_Carl(a)	Average_duration_of_whole_fixations.Anna	Average_duration_of_whole_fixations.Bianca	Average_duration_of_whole_fixations.Board_Screen	Average_duration_of_whole_fixations.Carl(a)	Average_duration_of_whole_fixations.Classroom_Others	Average_duration_of_whole_fixations.Disruptive_Person	Average_duration_of_whole_fixations.Material_Students	Average_duration_of_whole_fixations.Material_Teacher	Average_duration_of_whole_fixations.Nametag_Anna	Average_duration_of_whole_fixations.Nametag_Bianca	Average_duration_of_whole_fixations.Nametag_Carl(a)	Minimum_duration_of_whole_fixations.Anna	Minimum_duration_of_whole_fixations.Bianca	Minimum_duration_of_whole_fixations.Board_Screen	Minimum_duration_of_whole_fixations.Carl(a)	Minimum_duration_of_whole_fixations.Classroom_Others	Minimum_duration_of_whole_fixations.Disruptive_Person	Minimum_duration_of_whole_fixations.Material_Students	Minimum_duration_of_whole_fixations.Material_Teacher	Minimum_duration_of_whole_fixations.Nametag_Anna	Minimum_duration_of_whole_fixations.Nametag_Bianca	Minimum_duration_of_whole_fixations.Nametag_Carl(a)	Maximum_duration_of_whole_fixations.Anna	Maximum_duration_of_whole_fixations.Bianca	Maximum_duration_of_whole_fixations.Board_Screen	Maximum_duration_of_whole_fixations.Carl(a)	Maximum_duration_of_whole_fixations.Classroom_Others	Maximum_duration_of_whole_fixations.Disruptive_Person	Maximum_duration_of_whole_fixations.Material_Students	Maximum_duration_of_whole_fixations.Material_Teacher	Maximum_duration_of_whole_fixations.Nametag_Anna	Maximum_duration_of_whole_fixations.Nametag_Bianca	Maximum_duration_of_whole_fixations.Nametag_Carl(a)	Number_of_whole_fixations.Anna	Number_of_whole_fixations.Bianca	Number_of_whole_fixations.Board_Screen	Number_of_whole_fixations.Carl(a)	Number_of_whole_fixations.Classroom_Others	Number_of_whole_fixations.Disruptive_Person	Number_of_whole_fixations.Material_Students	Number_of_whole_fixations.Material_Teacher	Number_of_whole_fixations.Nametag_Anna	Number_of_whole_fixations.Nametag_Bianca	Number_of_whole_fixations.Nametag_Carl(a)	Time_to_first_whole_fixation.Anna	Time_to_first_whole_fixation.Bianca	Time_to_first_whole_fixation.Board_Screen	Time_to_first_whole_fixation.Carl(a)	Time_to_first_whole_fixation.Classroom_Others	Time_to_first_whole_fixation.Disruptive_Person	Time_to_first_whole_fixation.Material_Students	Time_to_first_whole_fixation.Material_Teacher	Time_to_first_whole_fixation.Nametag_Anna	Time_to_first_whole_fixation.Nametag_Bianca	Time_to_first_whole_fixation.Nametag_Carl(a)	Duration_of_first_whole_fixation.Anna	Duration_of_first_whole_fixation.Bianca	Duration_of_first_whole_fixation.Board_Screen	Duration_of_first_whole_fixation.Carl(a)	Duration_of_first_whole_fixation.Classroom_Others	Duration_of_first_whole_fixation.Disruptive_Person	Duration_of_first_whole_fixation.Material_Students	Duration_of_first_whole_fixation.Material_Teacher	Duration_of_first_whole_fixation.Nametag_Anna	Duration_of_first_whole_fixation.Nametag_Bianca	Duration_of_first_whole_fixation.Nametag_Carl(a)	Total_duration_of_Visit.Anna	Total_duration_of_Visit.Bianca	Total_duration_of_Visit.Board_Screen	Total_duration_of_Visit.Carl(a)	Total_duration_of_Visit.Classroom_Others	Total_duration_of_Visit.Disruptive_Person	Total_duration_of_Visit.Material_Students	Total_duration_of_Visit.Material_Teacher	Total_duration_of_Visit.Nametag_Anna	Total_duration_of_Visit.Nametag_Bianca	Total_duration_of_Visit.Nametag_Carl(a)	Average_duration_of_Visit.Anna	Average_duration_of_Visit.Bianca	Average_duration_of_Visit.Board_Screen	Average_duration_of_Visit.Carl(a)	Average_duration_of_Visit.Classroom_Others	Average_duration_of_Visit.Disruptive_Person	Average_duration_of_Visit.Material_Students	Average_duration_of_Visit.Material_Teacher	Average_duration_of_Visit.Nametag_Anna	Average_duration_of_Visit.Nametag_Bianca	Average_duration_of_Visit.Nametag_Carl(a)	Minimum_duration_of_Visit.Anna	Minimum_duration_of_Visit.Bianca	Minimum_duration_of_Visit.Board_Screen	Minimum_duration_of_Visit.Carl(a)	Minimum_duration_of_Visit.Classroom_Others	Minimum_duration_of_Visit.Disruptive_Person	Minimum_duration_of_Visit.Material_Students	Minimum_duration_of_Visit.Material_Teacher	Minimum_duration_of_Visit.Nametag_Anna	Minimum_duration_of_Visit.Nametag_Bianca	Minimum_duration_of_Visit.Nametag_Carl(a)	Maximum_duration_of_Visit.Anna	Maximum_duration_of_Visit.Bianca	Maximum_duration_of_Visit.Board_Screen	Maximum_duration_of_Visit.Carl(a)	Maximum_duration_of_Visit.Classroom_Others	Maximum_duration_of_Visit.Disruptive_Person	Maximum_duration_of_Visit.Material_Students	Maximum_duration_of_Visit.Material_Teacher	Maximum_duration_of_Visit.Nametag_Anna	Maximum_duration_of_Visit.Nametag_Bianca	Maximum_duration_of_Visit.Nametag_Carl(a)	Number_of_Visits.Anna	Number_of_Visits.Bianca	Number_of_Visits.Board_Screen	Number_of_Visits.Carl(a)	Number_of_Visits.Classroom_Others	Number_of_Visits.Disruptive_Person	Number_of_Visits.Material_Students	Number_of_Visits.Material_Teacher	Number_of_Visits.Nametag_Anna	Number_of_Visits.Nametag_Bianca	Number_of_Visits.Nametag_Carl(a)	Time_to_first_Visit.Anna	Time_to_first_Visit.Bianca	Time_to_first_Visit.Board_Screen	Time_to_first_Visit.Carl(a)	Time_to_first_Visit.Classroom_Others	Time_to_first_Visit.Disruptive_Person	Time_to_first_Visit.Material_Students	Time_to_first_Visit.Material_Teacher	Time_to_first_Visit.Nametag_Anna	Time_to_first_Visit.Nametag_Bianca	Time_to_first_Visit.Nametag_Carl(a)	Duration_of_first_Visit.Anna	Duration_of_first_Visit.Bianca	Duration_of_first_Visit.Board_Screen	Duration_of_first_Visit.Carl(a)	Duration_of_first_Visit.Classroom_Others	Duration_of_first_Visit.Disruptive_Person	Duration_of_first_Visit.Material_Students	Duration_of_first_Visit.Material_Teacher	Duration_of_first_Visit.Nametag_Anna	Duration_of_first_Visit.Nametag_Bianca	Duration_of_first_Visit.Nametag_Carl(a)	Total_duration_of_Glances.Anna	Total_duration_of_Glances.Bianca	Total_duration_of_Glances.Board_Screen	Total_duration_of_Glances.Carl(a)	Total_duration_of_Glances.Classroom_Others	Total_duration_of_Glances.Disruptive_Person	Total_duration_of_Glances.Material_Students	Total_duration_of_Glances.Material_Teacher	Total_duration_of_Glances.Nametag_Anna	Total_duration_of_Glances.Nametag_Bianca	Total_duration_of_Glances.Nametag_Carl(a)	Average_duration_of_Glances.Anna	Average_duration_of_Glances.Bianca	Average_duration_of_Glances.Board_Screen	Average_duration_of_Glances.Carl(a)	Average_duration_of_Glances.Classroom_Others	Average_duration_of_Glances.Disruptive_Person	Average_duration_of_Glances.Material_Students	Average_duration_of_Glances.Material_Teacher	Average_duration_of_Glances.Nametag_Anna	Average_duration_of_Glances.Nametag_Bianca	Average_duration_of_Glances.Nametag_Carl(a)	Minimum_duration_of_Glances.Anna	Minimum_duration_of_Glances.Bianca	Minimum_duration_of_Glances.Board_Screen	Minimum_duration_of_Glances.Carl(a)	Minimum_duration_of_Glances.Classroom_Others	Minimum_duration_of_Glances.Disruptive_Person	Minimum_duration_of_Glances.Material_Students	Minimum_duration_of_Glances.Material_Teacher	Minimum_duration_of_Glances.Nametag_Anna	Minimum_duration_of_Glances.Nametag_Bianca	Minimum_duration_of_Glances.Nametag_Carl(a)	Maximum_duration_of_Glances.Anna	Maximum_duration_of_Glances.Bianca	Maximum_duration_of_Glances.Board_Screen	Maximum_duration_of_Glances.Carl(a)	Maximum_duration_of_Glances.Classroom_Others	Maximum_duration_of_Glances.Disruptive_Person	Maximum_duration_of_Glances.Material_Students	Maximum_duration_of_Glances.Material_Teacher	Maximum_duration_of_Glances.Nametag_Anna	Maximum_duration_of_Glances.Nametag_Bianca	Maximum_duration_of_Glances.Nametag_Carl(a)	Number_of_Glances.Anna	Number_of_Glances.Bianca	Number_of_Glances.Board_Screen	Number_of_Glances.Carl(a)	Number_of_Glances.Classroom_Others	Number_of_Glances.Disruptive_Person	Number_of_Glances.Material_Students	Number_of_Glances.Material_Teacher	Number_of_Glances.Nametag_Anna	Number_of_Glances.Nametag_Bianca	Number_of_Glances.Nametag_Carl(a)	Time_to_first_Glance.Anna	Time_to_first_Glance.Bianca	Time_to_first_Glance.Board_Screen	Time_to_first_Glance.Carl(a)	Time_to_first_Glance.Classroom_Others	Time_to_first_Glance.Disruptive_Person	Time_to_first_Glance.Material_Students	Time_to_first_Glance.Material_Teacher	Time_to_first_Glance.Nametag_Anna	Time_to_first_Glance.Nametag_Bianca	Time_to_first_Glance.Nametag_Carl(a)	Duration_of_first_Glance.Anna	Duration_of_first_Glance.Bianca	Duration_of_first_Glance.Board_Screen	Duration_of_first_Glance.Carl(a)	Duration_of_first_Glance.Classroom_Others	Duration_of_first_Glance.Disruptive_Person	Duration_of_first_Glance.Material_Students	Duration_of_first_Glance.Material_Teacher	Duration_of_first_Glance.Nametag_Anna	Duration_of_first_Glance.Nametag_Bianca	Duration_of_first_Glance.Nametag_Carl(a)	Total_duration_of_whole_fixations	Average_duration_of_whole_fixations	Number_of_whole_fixations	Duration_of_first_whole_fixation	Average_whole-fixation_pupil_diameter	Number_of_saccades	Average_peak_velocity_of_saccades	Minimum_peak_velocity_of_saccades	Maximum_peak_velocity_of_saccades	Standard_deviation_of_peak_velocity_of_saccades	Average_amplitude_of_saccades	Minimum_amplitude_of_saccades	Maximum_amplitude_of_saccades	Total_amplitude_of_saccades	Time_to_first_saccade	Direction_of_first_saccade	Peak_velocity_of_first_saccade	Average_velocity_of_first_saccade	Amplitude_of_first_saccade	Number_of_saccades_in_AOI.Anna	Number_of_saccades_in_AOI.Bianca	Number_of_saccades_in_AOI.Board_Screen	Number_of_saccades_in_AOI.Carl(a)	Number_of_saccades_in_AOI.Classroom_Others	Number_of_saccades_in_AOI.Disruptive_Person	Number_of_saccades_in_AOI.Material_Students	Number_of_saccades_in_AOI.Material_Teacher	Number_of_saccades_in_AOI.Nametag_Anna	Number_of_saccades_in_AOI.Nametag_Bianca	Number_of_saccades_in_AOI.Nametag_Carl(a)	Time_to_entry_saccade.Anna	Time_to_entry_saccade.Bianca	Time_to_entry_saccade.Board_Screen	Time_to_entry_saccade.Carl(a)	Time_to_entry_saccade.Classroom_Others	Time_to_entry_saccade.Disruptive_Person	Time_to_entry_saccade.Material_Students	Time_to_entry_saccade.Material_Teacher	Time_to_entry_saccade.Nametag_Anna	Time_to_entry_saccade.Nametag_Bianca	Time_to_entry_saccade.Nametag_Carl(a)	Time_to_exit_saccade.Anna	Time_to_exit_saccade.Bianca	Time_to_exit_saccade.Board_Screen	Time_to_exit_saccade.Carl(a)	Time_to_exit_saccade.Classroom_Others	Time_to_exit_saccade.Disruptive_Person	Time_to_exit_saccade.Material_Students	Time_to_exit_saccade.Material_Teacher	Time_to_exit_saccade.Nametag_Anna	Time_to_exit_saccade.Nametag_Bianca	Time_to_exit_saccade.Nametag_Carl(a)	Peak_velocity_of_entry_saccade.Anna	Peak_velocity_of_entry_saccade.Bianca	Peak_velocity_of_entry_saccade.Board_Screen	Peak_velocity_of_entry_saccade.Carl(a)	Peak_velocity_of_entry_saccade.Classroom_Others	Peak_velocity_of_entry_saccade.Disruptive_Person	Peak_velocity_of_entry_saccade.Material_Students	Peak_velocity_of_entry_saccade.Material_Teacher	Peak_velocity_of_entry_saccade.Nametag_Anna	Peak_velocity_of_entry_saccade.Nametag_Bianca	Peak_velocity_of_entry_saccade.Nametag_Carl(a)	Peak_velocity_of_exit_saccade.Anna	Peak_velocity_of_exit_saccade.Bianca	Peak_velocity_of_exit_saccade.Board_Screen	Peak_velocity_of_exit_saccade.Carl(a)	Peak_velocity_of_exit_saccade.Classroom_Others	Peak_velocity_of_exit_saccade.Disruptive_Person	Peak_velocity_of_exit_saccade.Material_Students	Peak_velocity_of_exit_saccade.Material_Teacher	Peak_velocity_of_exit_saccade.Nametag_Anna	Peak_velocity_of_exit_saccade.Nametag_Bianca	Peak_velocity_of_exit_saccade.Nametag_Carl(a)
Recording062	ProVisioNET_study_108_08	Female	Novice	Calibration_phase1	1	fullstream	23676	519141	0	0	0	1	0	0	0	0	0	0	0	0	0	0	0	0	0	0	0	0	0	0	0	0	0	0	0	0	0	0	0	0	0	0	0	0	0	0	0	0	0	0	0	0	0	0	0	0				0																																																																																																																																																																																																																																																																																																																																																																			16490	1178	14	80	5.88676	11	219.58	116.2	421.36	100.42	6.12	3.49	8.66	67.32	3189	201.5	159.36	159.36	6.12																																																							
Recording062	ProVisioNET_study_108_08	Female	Novice	Calibration_phase1_fix	1	fullstream	30000	519141	0	0	1	1	0	0	0	0	0	0	0	0	0	0	0	0	0	0	0	0	0	0	0	0	0	0	1	0	0	0	0	0	0	0	0	0	0	0	0	0	0	0	0	0	0	0	0	0			23676	0																							25355																						140	380		0	1979							140	380			198							140	380			80							140	380			400							1	1		0	10							26495	27035			25736							140	380			400							Classroom_Others		0	0		0	0																																								0	0		0	0																													140	380		0	3265							140	380			816							140	380			320							140	380			1139							1	1		0	4							26495	27035			25736							140	380			720							160	420		0	3385							160	420			846							160	420			360							160	420			1159							1	1		0	4							26475	26995			25696							160	420			760							22347	771	29	80	5.82387	22	211.54	105.81	463.73	97.96	6.51	2.44	12.2	143.29	3189	201.5	159.36	159.36	6.12	0	0		0	5							26475	26995			25696							26635	27415			26995							212.34	168.45			196.08							185.77	463.73			168.45						
Recording062	ProVisioNET_study_108_08	Female	Novice	Calibration_phase2	1	fullstream	25915	1634719	0	0	0	0	0	0	1	0	0	0	0	0	0	0	0	0	0	0	0	0	0	0	0	0	0	0	0	0	0	0	0	0	0	0	0	0	0	0	0	0	0	0	0	0	0	0	0	0							0																																																																																																																																																																																																																																																																																																																																																																20308	1269	16	80	5.7664	9	216.26	130.96	400.22	85.04	6.1	3.43	10.14	54.86	99	28.27	400.22	400.22	8.07																																																							
Recording062	ProVisioNET_study_108_08	Female	Novice	Calibration_phase2_fix	1	fullstream	30000	1634719	0	0	0	0	0	1	1	0	0	0	0	0	0	0	0	0	0	0	0	0	0	0	0	0	0	0	0	0	0	0	0	0	0	0	0	0	0	0	0	0	0	0	0	0	0	0	0	0						25915	0																																																																																																																																																																																																																																																																																																																																																																25745	1030	25	80	5.77156	14	224.73	118.79	400.22	89.45	6.23	3.43	11.86	87.18	99	28.27	400.22	400.22	8.07																																																							
Recording062	ProVisioNET_study_108_08	Female	Novice	Chatting_with_neighbour	1	fullstream	6103	1435556	0	0	0	0	0	0	0	0	0	1	0	0	0	0	0	0	0	0	0	0	0	0	0	0	0	0	0	0	0	0	0	0	0	1	0	0	0	0	0	0	0	0	0	0	0	0	0	0										0																								5239															1499	60		2365	400	2365			120			250	60		394	133	394			120			80	60		66	80	66			120			600	60		1799	240	1799			120			6	1		6	3	6			1			2379	0		280	4777	280			3858			80	60		1799	240	1799			120			Carl(a),Disruptive_Person	Carl(a),Disruptive_Person	0	0		0	0	0			0																																				0	0		0	0	0			0																									1879	60		2425	440	2425			120			939	60		808	440	808			120			460	60		66	440	66			120			1419	60		1939	440	1939			120			2	1		3	1	3			1			2379	0		280	4777	280			3858			1419	60		1939	440	1939			120			1959	60		2525	460	2525			160			979	60		842	460	842			160			480	60		66	460	66			160			1479	60		1979	460	1979			160			2	1		3	1	3			1			2319	0		240	4757	240			3818			1479	60		1979	460	1979			160			3938	328	12	80	4.45497	8	215.67	107.63	547.67	139.36	6.59	0.53	15.35	52.76	80	357.21	547.67	262.21	15.35	0	0		2	2	2			0						240	4757	240						4757														126.95	226.83	126.95						226.83										
Recording062	ProVisioNET_study_108_08	Female	Novice	Chatting_with_neighbour_fix	1	fullstream	30000	1435556	0	0	0	0	0	0	0	0	1	1	0	0	0	0	0	0	0	0	0	0	0	0	0	0	0	0	0	0	0	0	0	0	0	1	0	0	0	0	0	0	0	0	0	0	0	0	0	0									6103	0																								5239															14611	1959		4098	2356	2678		2299	120			696	653		410	262	383		575	120			80	60		100	58	100		120	120			2878	1499		1799	1259	1799		1879	120			21	3		10	9	7		4	1			2379	0		280	4777	280		17470	3858			80	60		1799	240	1799		180	120			Classroom_Others	Classroom_Others	0	0		0	0	0		0	0																																				0	0		0	0	0		0	0																									15651	1959		4218	2656	2758		2459	120			2236	653		1054	664	919		2459	120			80	60		420	80	400		2459	120			4537	1499		1939	1559	1939		2459	120			7	3		4	4	3		1	1			2379	0		280	4777	280		17470	3858			1419	60		1939	440	1939		2459	120			15951	2079		4317	2856	2858		2479	160			2279	693		1079	714	953		2479	160			100	60		440	140	400		2479	160			4597	1579		1979	1619	1979		2479	160			7	3		4	4	3		1	1			2319	0		240	4757	240		17450	3818			1479	60		1979	460	1979		2479	160			20248	547	37	80	4.34287	23	217.71	107.63	547.67	118.9	7.23	0.53	22.5	166.38	80	357.21	547.67	262.21	15.35	4	0		4	3	3		1	0			9414	20448		240	4757	240		17450				4757	23146			20448							150.83	352.61		126.95	226.83	126.95		159.53				226.83	365.99			352.61						
Recording062	ProVisioNET_study_108_08	Female	Novice	Clicking_pen	1	fullstream	11280	1075089	0	0	0	0	0	0	0	0	0	0	0	0	1	0	0	0	0	0	0	0	0	0	0	0	0	0	0	0	0	0	0	0	0	0	1	0	0	0	0	0	0	0	0	0	0	0	0	0													0																						10354														4036	0		668	1239	1268	600					269			334	138	317	300					80			288	80	100	100					520			380	440	500	500					15	0		2	9	4	2					0			9753	1398	9753	10193					378			380	440	380	100					Carl(a),Disruptive_Person	Carl(a),Disruptive_Person	0	0		0	0	0	0																																						0	0		0	0	0	0																											5196	0		668	1439	1527	620					742			334	206	1527	620					80			288	80	1527	620					1799			380	440	1527	620					7	0		2	7	1	1					0			9753	1398	9753	10193					1278			380	440	1527	620					5355	0		748	1759	1527	680					765			374	251	1527	680					80			368	100	1527	680					1859			380	460	1527	680					7	0		2	7	1	1					0			9753	1378	9753	10133					1278			380	460	1527	680					3278	219	15	320	4.23709	7	220.08	119.08	357.6	86.19	5.99	2.83	17.36	41.91	1278	201.74	183.37	183.37	2.97	0	0		0	1	1	0					1837				1378		10133					1278			10133	1837							119.08				119.24		357.6					183.37			357.6	119.08						
Recording062	ProVisioNET_study_108_08	Female	Novice	Clicking_pen_fix	1	fullstream	30000	1075089	0	0	0	0	0	0	0	0	0	0	0	1	1	0	0	0	0	0	0	0	0	0	0	0	0	0	0	0	0	0	0	0	0	0	1	0	0	0	0	0	0	0	0	0	0	0	0	0												11280	0																						10354														13350	0		3838	2479	1779	680					371			480	155	445	227					80			80	80	100	80					1359			800	440	800	500					36	0		8	16	4	3					0			9753	1398	9753	10193					378			380	440	380	100					Anna	Anna	0	0		0	0	0	0																																						0	0		0	0	0	0																											15968	0		4038	3078	2039	700					998			1346	237	2039	350					80			380	80	2039	80					3157			2019	780	2039	620					16	0		3	13	1	2					0			9753	1398	9753	10193					1278			380	440	2039	620					16348	0		4198	3598	2039	760					1022			1399	277	2039	380					80			380	100	2039	80					3177			2099	780	2039	680					16	0		3	13	1	2					0			9753	1378	9753	10133					1278			380	460	2039	680					9834	317	31	320	4.33111	16	216.98	117.76	361.81	89.18	6.79	2.83	17.36	108.66	1278	201.74	183.37	183.37	2.97	0	0		1	1	1	0					1837				1378		10133					1278			10133	1837		24164					119.08				119.24		357.6					183.37			357.6	119.08		126.08				
Recording062	ProVisioNET_study_108_08	Female	Novice	Drawing	1	fullstream	30000	716477	0	0	0	0	0	0	0	0	0	0	0	0	0	0	0	1	0	0	0	0	0	0	0	0	0	0	0	0	0	0	0	0	0	0	0	0	0	0	0	0	0	0	0	0	0	0	0	0																0																																	2935	1559		100	4777	740	640	8855				326	390		100	478	247	320	253				80	80		100	80	100	200	80				680	680		100	1479	440	440	680				9	4		1	10	3	2	35				1619	21507		15951	5217	15951	26904	0				80	660		100	120	100	200	320				Anna	Anna	0	0		0	0	0	0	0																																					0	0		0	0	0	0	0																										3635	1599		100	5657	760	660	13572				606	800		100	1131	380	660	1939				80	660		100	80	100	660	600				1499	939		100	3538	660	660	4337				6	2		1	5	2	1	7				1619	21507		15951	5217	15951	26904	0				1499	660		100	560	100	660	1399				3895	1719		120	5797	840	720	13852				649	860		120	1159	420	720	1979				140	700		120	80	120	720	620				1519	1019		120	3578	720	720	4397				6	2		1	5	2	1	7				1599	21468		15931	5217	15931	26844	0				1519	700		120	560	120	720	1399				14632	311	47	80	4.03964	36	269.91	103.12	685.1	148.64	11	1.18	29.83	396.07	899	298.46	137.63	137.63	2.36	1	2		0	2	1	1	22				22167				7036	26844	26844	5777				7036	22167			5777			5097				296.18				215.55	410.69	410.69	251.55				215.55	296.18			251.55			365.1			
Recording062	ProVisioNET_study_108_08	Female	Novice	Drawing_fix	1	fullstream	30000	716477	0	0	0	0	0	0	0	0	0	0	0	0	0	0	0	1	0	0	0	0	0	0	0	0	0	0	0	0	0	0	0	0	0	0	0	0	0	0	0	0	0	0	0	0	0	0	0	0																0																																	2935	1559		100	4777	740	640	8855				326	390		100	478	247	320	253				80	80		100	80	100	200	80				680	680		100	1479	440	440	680				9	4		1	10	3	2	35				1619	21507		15951	5217	15951	26904	0				80	660		100	120	100	200	320				Anna	Anna	0	0		0	0	0	0	0																																					0	0		0	0	0	0	0																										3635	1599		100	5657	760	660	13572				606	800		100	1131	380	660	1939				80	660		100	80	100	660	600				1499	939		100	3538	660	660	4337				6	2		1	5	2	1	7				1619	21507		15951	5217	15951	26904	0				1499	660		100	560	100	660	1399				3895	1719		120	5797	840	720	13852				649	860		120	1159	420	720	1979				140	700		120	80	120	720	620				1519	1019		120	3578	720	720	4397				6	2		1	5	2	1	7				1599	21468		15931	5217	15931	26844	0				1519	700		120	560	120	720	1399				14632	311	47	80	4.03964	36	269.91	103.12	685.1	148.64	11	1.18	29.83	396.07	899	298.46	137.63	137.63	2.36	1	2		0	2	1	1	22				22167				7036	26844	26844	5777				7036	22167			5777			5097				296.18				215.55	410.69	410.69	251.55				215.55	296.18			251.55			365.1			
Recording062	ProVisioNET_study_108_08	Female	Novice	Drumming_with_hands	1	fullstream	5352	1255979	0	0	0	0	0	0	0	0	0	0	0	0	0	0	0	0	0	0	1	0	0	0	0	0	0	0	0	0	0	0	0	0	0	0	0	0	1	0	0	0	0	0	0	0	0	0	0	0																			0																		3555												620	1811		0	442	1811		760		80		620	362			111	362		380		80		620	120			23	120		160		80		620	1051			220	1051		600		80		1	5		0	4	5		2		1		1702	982			0	982		43		2981		620	120			23	120		600		80		Bianca,Disruptive_Person	Bianca,Disruptive_Person	0	0		0	0	0		0		0																																			0	0		0	0	0		0		0																								620	1871		0	522	1871		760		80		620	624			174	624		380		80		620	220			23	220		160		80		620	1051			280	1051		600		80		1	3		0	3	3		2		1		1702	982			0	982		43		2981		620	600			23	600		600		80		700	2011		0	642	2011		760		100		700	670			214	670		380		100		700	280			23	280		160		100		700	1091			360	1091		600		100		1	3		0	3	3		2		1		1622	942			0	942		43		2961		700	640			23	640		600		100		1779	222	8	120	4.08427	5	296.17	102.5	554.27	192.28	16.32	2.49	31.21	81.62	1102	189.58	102.5	102.5	10.98	0	2		0	0	2		0		0			2321			2601	2321				2961		2321	2601			2961	2601							430.06			554.27	430.06				141.5		430.06	554.27			141.5	554.27					
Recording062	ProVisioNET_study_108_08	Female	Novice	Drumming_with_hands_fix	1	fullstream	30000	1255979	0	0	0	0	0	0	0	0	0	0	0	0	0	0	0	0	0	1	1	0	0	0	0	0	0	0	0	0	0	0	0	0	0	0	0	0	1	0	0	0	0	0	0	0	0	0	0	0																		5352	0																		3555												1899	4138		380	5060	2878		12932		80		633	517		127	316	576		462		80		580	120		80	23	120		60		80		700	2119		200	1119	2119		1879		80		3	8		3	16	5		28		1		1702	982		26147	0	982		43		2981		620	120		200	23	120		600		80		Material_Teacher		0	0		0	0	0		0		0																																			0	0		0	0	0		0		0																								1899	4198		380	5839	2938		14646		80		633	700		127	973	979		2092		80		580	220		80	23	220		160		80		700	2119		200	4078	2119		5137		80		3	6		3	6	3		7		1		1702	982		26147	0	982		43		2981		620	600		200	23	600		600		80		2059	4557		500	5979	3078		14846		100		686	760		167	997	1026		2121		100		640	280		100	23	280		160		100		720	2159		260	4078	2159		5177		100		3	6		3	6	3		7		1		1622	942		26087	0	942		43		2961		700	640		260	23	640		600		100		17730	443	40	120	4.04404	33	245.65	100.79	554.27	157.73	8.49	0.81	31.21	280.13	1102	189.58	102.5	102.5	10.98	0	2		0	4	2		15		0		26847	2321		26087	2601	2321		11016		2961		2321	2601		26347	2961	2601		13515				499.58	430.06		537.88	554.27	430.06		198.09		141.5		430.06	554.27		527.61	141.5	554.27		131.77			
Recording062	ProVisioNET_study_108_08	Female	Novice	Head_on_table	1	fullstream	4840	1345432	0	0	0	0	0	0	0	0	0	0	0	0	0	0	0	0	0	0	0	0	0	1	0	0	0	0	0	0	0	0	0	0	0	0	0	0	0	1	0	0	0	0	0	0	0	0	0	0																						0																2757											2285	0		0		2139		1356	220			326					428		1356	220			26					80		1356	220			959					959		1356	220			7	0		0		5		1	1			1676					1676		0	2276			80					80		1356	220			Anna	Anna	0	0		0		0		0	0																																				0	0		0		0		0	0																									2705	0		0		2519		1356	220			902					1259		1356	220			186					540		1356	220			1979					1979		1356	220			3	0		0		2		1	1			1676					1676		0	2276			540					540		1356	220			2785	0		0		2578		1356	280			928					1289		1356	280			206					560		1356	280			2019					2019		1356	280			3	0		0		2		1	1			1656					1656		0	2216			560					560		1356	280			1439	288	5	80	4.09081	2	283.35	123.34	443.36	226.29	13.61	3.77	23.46	27.23	2216	203.06	443.36	299.97	23.46	0	0		0		0		0	0			4634								2216			2216					2216						123.34								443.36			443.36					443.36					
Recording062	ProVisioNET_study_108_08	Female	Novice	Head_on_table_fix	1	fullstream	30000	1345432	0	0	0	0	0	0	0	0	0	0	0	0	0	0	0	0	0	0	0	0	1	1	0	0	0	0	0	0	0	0	0	0	0	0	0	0	0	1	0	0	0	0	0	0	0	0	0	0																					4840	0																2757											8036	4957		800	80	2139		10551	220			618	708		267	80	428		1319	220			80	80		80	80	80		260	220			2119	1859		580	80	959		2698	220			13	7		3	1	5		8	1			1676	11790		13689	27961	1676		0	2276			80	1419		80	80	80		1356	220			Anna	Anna	0	0		0	0	0		0	0																																				0	0		0	0	0		0	0																									8676	5017		1699	80	2519		10711	220			1735	1254		1699	80	1259		2678	220			320	280		1699	80	540		1356	220			3978	2159		1699	80	1979		3518	220			5	4		1	1	2		4	1			1676	11790		13689	27961	1676		0	2276			540	1419		1699	80	540		1356	220			8815	5117		1699	140	2578		10831	280			1763	1279		1699	140	1289		2708	280			340	300		1699	140	560		1356	280			3998	2159		1699	140	2019		3538	280			5	4		1	1	2		4	1			1656	11750		13689	27901	1656		0	2216			560	1459		1699	140	560		1356	280			16830	801	21	80	3.96138	12	276.9	104.22	443.36	115.18	10.09	3.77	23.46	121.11	2216	203.06	443.36	299.97	23.46	2	3		0	0	0		4	0			4634	23583							2216			2216					2216						123.34	333.86							443.36			443.36					443.36					
Recording062	ProVisioNET_study_108_08	Female	Novice	Heckling	1	fullstream	4844	984881	0	0	0	0	0	0	0	0	0	0	0	0	0	0	0	0	0	0	0	0	0	0	0	0	1	0	0	0	0	0	0	0	0	0	0	0	0	0	1	0	0	0	0	0	0	0	0	0																									0														4422										0	2605		60	440	2605							521		60	110	521							86		60	80	86							1259		60	140	1259						0	5		1	4	5							240		0	2998	240							500		60	80	500						Bianca,Disruptive_Person	Bianca,Disruptive_Person	0	0		0	0	0																																							0	0		0	0	0																												0	2965		60	540	2965							1482		60	540	1482							1166		60	540	1166							1799		60	540	1799						0	2		1	1	2							240		0	2998	240							1799		60	540	1799						0	3085		60	540	3085							1542		60	540	1542							1206		60	540	1206							1879		60	540	1879						0	2		1	1	2							160		0	2998	160							1879		60	540	1879						0		0			0														0	0		0	0	0																																																	
Recording062	ProVisioNET_study_108_08	Female	Novice	Heckling_fix	1	fullstream	30000	984881	0	0	0	0	0	0	0	0	0	0	0	0	0	0	0	0	0	0	0	0	0	0	0	1	1	0	0	0	0	0	0	0	0	0	0	0	0	0	1	0	0	0	0	0	0	0	0	0																								4844	0														4422										0	17450		5335	1519	2918							793		485	190	486							80		60	80	140							3378		1299	520	1259						0	22		11	8	6							240		0	2998	240							500		60	80	500						Carl(a)	Carl(a)	0	0		0	0	0																																							0	0		0	0	0																												0	19369		5914	1879	3338							2767		1183	470	1669							100		60	80	1539							10034		2798	919	1799						0	7		5	4	2							240		0	2998	240							1799		60	540	1799						0	19689		6014	1999	3458							2813		1203	500	1729							140		60	140	1579							10094		2838	939	1879						0	7		5	4	2							160		0	2998	160							1879		60	540	1879						11733	587	20	140	4.48453	9	268.68	183.08	496.98	97.86	5.79	0.67	16.84	52.07	5497	106.63	183.08	182.49	2.98	0	0		2	0	0							5497		22187	11513								11513			22187								183.08		496.98	226.53								226.53			496.98						
Recording062	ProVisioNET_study_108_08	Female	Novice	Lesson	1	fullstream	1058351	544497	0	1	0	0	0	0	0	1	1	1	1	1	1	1	1	1	1	1	1	1	1	1	1	1	1	0	1	0	0	0	1	1	1	1	1	0	1	1	1	1	1	1	1	1	1	1	1	2		4644						921059	897162	891059	560592	541873	530593	201980	201980	171981	741482	716834	711483	830935	805776	800936	470384	445228	440384		0				380996	381212	350996	896298	540946		715038	803692	444806	377341	622672	278280	650915	623856	620915	293261	280606	273262	244218	174538	18709	101021	79374	37618	2239	173738	1559	1379	360	593	535	398	457	272	392	204	543	173	197	360	80	80	80	80	80	80	80	60	80	80	360	5037	6396	1339	4457	2339	2119	500	5317	320	380	360	412	326	47	221	292	96	11	320	9	7	1	1140	1680	6617	11334	380	187931	198885	8336	46434	19449	606687	140	380	180	100	400	100	200	80	140	120	360	Classroom_Others		760	0	0	0	0	0	0	0	0	0	0	760											760											760											1	0	0	0	0	0	0	0	0	0	0	132803											760											274179	196225	22267	117191	103730	43954	2279	191328	1579	1399	360	1735	1545	2024	1429	603	1465	253	1894	197	233	360	80	80	80	80	80	100	80	80	80	80	360	16830	10814	7616	19249	5137	15491	660	10254	320	380	360	158	127	11	82	172	30	9	101	8	6	1	1140	1680	6617	11334	380	187931	198885	8336	46434	19449	606687	140	380	180	100	720	100	660	340	260	280	360	279476	201342	22667	119670	109026	45014	2519	194546	1859	1599	380	1769	1585	2061	1459	634	1500	280	1926	232	267	380	80	100	140	100	80	120	80	80	80	100	380	16870	10814	7676	19269	5137	15511	720	10294	360	400	380	158	127	11	82	172	30	9	101	8	6	1	1120	1640	6557	11274	340	187911	198825	8236	46354	19409	606667	160	420	240	160	760	120	720	440	340	320	380	538005	483	1113	240	4.16987	638	228.7	100.71	1061.99	128.72	8.45	0.52	31.21	5390.05	340	91.16	196.08	161.48	9.33	52	63	24	35	55	19	1	157	1	1	0	1120	1640	124228	45974	340	198825	198825	16511	324512	31482	606667	1280	2059	135202	16511	1640	274381	340063	45974	324872	31702		212.34	168.45	129.84	310.82	196.08	410.69	410.69	499.66	331.93	300.37	124.74	185.77	463.73	133.09	499.66	168.45	433.03	256.77	310.82	292.76	128.69	
Recording062	ProVisioNET_study_108_08	Female	Novice	Letter_search	1	fullstream	48264	1692020	0	0	0	0	0	0	0	0	0	0	0	0	0	0	0	0	0	0	0	0	0	0	0	0	0	0	0	1	0	1	0	0	0	0	0	0	0	0	0	0	0	0	0	0	0	0	0	0																												30000		0																																																																																																																																																																																																																																																																																																																																									26444	203	130	640	4.18805	91	279.05	100.16	546.24	122.3	10.66	0.67	27.4	969.94	84	279.66	200.59	165.5	10.53																																																							
Recording062	ProVisioNET_study_108_08	Female	Novice	Letter_search_fix	1	fullstream	30000	1692020	0	0	0	0	0	0	0	0	0	0	0	0	0	0	0	0	0	0	0	0	0	0	0	0	0	0	0	0	0	1	0	0	0	0	0	0	0	0	0	0	0	0	0	0	0	0	0	0																														0																																																																																																																																																																																																																																																																																																																																									16670	198	84	640	4.17312	59	284.86	100.16	505.79	111.65	11.12	0.67	24.82	655.8	84	279.66	200.59	165.5	10.53																																																							
Recording062	ProVisioNET_study_108_08	Female	Novice	Looking_at_phone	1	fullstream	30216	895493	0	0	0	0	0	0	0	0	0	0	0	0	0	0	0	0	0	0	0	0	0	0	0	0	0	0	0	0	0	0	1	0	1	0	0	0	0	0	0	1	0	0	0	0	0	0	0	0																															30000		0							26345									19729	200		0	2079	20468	160		420			438	200			173	409	80		210			80	200			80	80	80		160			1699	200			240	1699	80		260			45	1		0	12	50	2		2			0	29703			3158	0	4178		22747			140	200			160	140	80		160			Classroom_Others		0	0		0	0	0	0		0																																				0	0		0	0	0	0		0																									23666	200		0	2459	24905	160		420			1820	200			410	2491	80		210			80	200			160	100	80		160			13612	200			1059	15491	80		260			13	1		0	6	10	2		2			0	29703			3158	0	4178		22747			2239	200			440	2239	80		160			24046	280		0	2698	25165	160		440			1850	280			450	2517	80		220			100	280			220	140	80		160			13632	280			1079	15511	80		280			13	1		0	6	10	2		2			0	29623			3098	0	4178		22747			2239	280			500	2239	80		160			13312	350	38	160	4.24874	16	212.6	103.81	410.8	90.11	7.61	3.53	18.21	121.81	4277	84.89	159.48	159.48	6.7	6	0		0	4	10	0		0			4277				20788	4277						20788	29903			29343	28263						159.48				155.93	159.48						155.93	410.8			205.65	103.81					
Recording062	ProVisioNET_study_108_08	Female	Novice	Looking_at_phone_fix	1	fullstream	30000	895493	0	0	0	0	0	0	0	0	0	0	0	0	0	0	0	0	0	0	0	0	0	0	0	0	0	0	0	0	0	0	0	0	1	0	0	0	0	0	0	1	0	0	0	0	0	0	0	0																																	0							26345									19729	200		0	1956	20468	160		420			438	200			163	409	80		210			80	200			38	80	80		160			1699	200			240	1699	80		260			45	1		0	12	50	2		2			0	29703			3158	0	4178		22747			140	200			160	140	80		160			Classroom_Others	Classroom_Others	0	0		0	0	0	0		0																																				0	0		0	0	0	0		0																									23666	200		0	2336	24905	160		420			1820	200			389	2491	80		210			80	200			38	100	80		160			13612	200			1059	15491	80		260			13	1		0	6	10	2		2			0	29703			3158	0	4178		22747			2239	200			440	2239	80		160			24046	280		0	2576	25165	160		440			1850	280			429	2517	80		220			100	280			97	140	80		160			13632	280			1079	15511	80		280			13	1		0	6	10	2		2			0	29623			3098	0	4178		22747			2239	280			500	2239	80		160			13152	355	37	160	4.24526	16	212.6	103.81	410.8	90.11	7.61	3.53	18.21	121.81	4277	84.89	159.48	159.48	6.7	6	0		0	4	10	0		0			4277				20788	4277						20788	29903			29343	28263						159.48				155.93	159.48						155.93	410.8			205.65	103.81					
Recording062	ProVisioNET_study_108_08	Female	Novice	Snipping_with_fingers	1	fullstream	2941	1165412	0	0	0	0	0	0	0	0	0	0	0	0	0	0	0	0	0	0	0	0	0	0	0	0	0	0	0	0	0	0	0	0	0	0	0	0	0	0	0	0	1	0	0	0	1	0	0	0																																									1757				0				1579	0		460	0	1579						226			460		226						120			460		120						440			460		440						7	0		1	0	7						723			3		723						200			460		200						Anna,Disruptive_Person	Anna,Disruptive_Person	0	0		0	0	0																																							0	0		0	0	0																												2059	0		460	0	2059						1029			460		1029						919			460		919						1139			460		1139						2	0		1	0	2						723			3		723						919			460		919						2139	0		463	0	2139						1069			463		1069						919			463		919						1219			463		1219						2	0		1	0	2						723			0		723						919			463		919						1659	277	6	480	4.55398	2	152.08	139.07	165.08	18.39	5.26	4.37	6.16	10.53	1422	63.97	139.07	139.07	6.16	2	0		0	0	2																																																	
Recording062	ProVisioNET_study_108_08	Female	Novice	Snpping_with_fingers_fix	1	fullstream	30000	1165412	0	0	0	0	0	0	0	0	0	0	0	0	0	0	0	0	0	0	0	0	0	0	0	0	0	0	0	0	0	0	0	0	0	0	0	0	0	0	0	0	1	0	0	1	1	0	0	0																																									1757			2941	0				6856	5471		460	3058	1659		440				312	684		460	255	237		147				80	80		460	80	120		120				1199	1399		460	660	440		180				22	8		1	12	7		3				723	16434		3	3821	723		20151				200	80		460	660	200		140				Bianca	Bianca	0	0		0	0	0		0																																					0	0		0	0	0		0																										8875	6851		460	6996	2139		740				986	2284		460	1399	1069		740				400	874		460	200	919		740				1999	4477		460	5137	1219		740				9	3		1	5	2		1				723	16434		3	3821	723		20151				919	1499		460	820	919		740				9175	6971		463	7116	2219		800				1019	2324		463	1423	1109		800				460	934		463	240	919		800				2079	4517		463	5137	1299		800				9	3		1	5	2		1				723	16414		0	3821	723		20091				919	1519		463	820	919		800				10894	419	26	480	4.48185	7	215.91	102.98	349.1	112.62	7.41	2.56	15.13	51.9	1422	63.97	139.07	139.07	6.16	2	2		0	1	2		1								27707																						349.1																	
Recording062	ProVisioNET_study_108_08	Female	Novice	Whispering	1	fullstream	7344	817758	0	0	0	0	0	0	0	0	0	0	0	0	0	0	0	0	0	0	0	0	0	0	0	0	0	0	0	0	0	0	0	0	0	0	0	0	0	0	0	0	0	1	0	0	0	0	0	2																																										5018						0	2419	2219		300	200	2219		100				605	247		300	100	247		100				80	80		300	80	80		100				1939	520		300	120	520		100				4	9		1	2	9		1				380	600		1179	5257	600		0				140	520		300	80	520		100				Classroom_Others		0	0		0	0	0		0																																					0	0		0	0	0		0																										2459	2419		300	448	2419		100				820	484		300	224	484		100				140	320		300	80	320		100				1939	740		300	368	740		100				3	5		1	2	5		1				380	600		1179	5257	600		0				140	520		300	80	520		100				2559	2598		360	448	2598		100				853	520		360	224	520		100				200	400		360	80	400		100				1959	760		360	368	760		100				3	5		1	2	5		1				320	580		1119	5257	580		0				200	540		360	80	540		100				3438	573	6	140	4.33959	5	285.12	126.32	433.03	144.95	13.02	2.38	23	65.08	1119	15.15	433.03	309.58	6.85	0	0		0	0	0		0				1879	1479		1119		1479						3838	1119		1479		1119						126.32	403.68		433.03		403.68						323.75	433.03		403.68		433.03					
Recording062	ProVisioNET_study_108_08	Female	Novice	Whispering_fix	1	fullstream	20000	817758	0	0	0	0	0	0	0	0	0	0	0	0	0	0	0	0	0	0	0	0	0	0	0	0	0	0	0	0	0	0	0	0	0	0	0	0	0	0	0	0	0	1	0	0	0	0	1	2																																										5018					7344	0	2579	2870		1139	3078	2219		5657				516	261		570	513	247		514				80	80		300	80	80		80				1939	520		840	1479	520		2099				5	11		2	6	9		11				380	600		1179	5257	600		0				140	520		300	80	520		100				Bianca	Bianca	0	0		0	0	0		0																																					0	0		0	0	0		0																										2618	3070		1139	3618	2419		5877				655	439		570	724	484		1175				140	271		300	80	320		100				1939	740		840	1479	740		3098				4	7		2	5	5		5				380	600		1179	5257	600		0				140	520		300	80	520		100				2738	3349		1239	3658	2598		5937				685	478		620	732	520		1187				180	311		360	80	400		100				1959	760		879	1499	760		3098				4	7		2	5	5		5				320	580		1119	5257	580		0				200	540		360	80	540		100				9235	616	15	140	4.19919	14	251.17	109.95	470.79	131.47	9.12	2.38	23	127.72	1119	15.15	433.03	309.58	6.85	0	0		0	0	0		3				1879	1479		1119	11913	1479		11453				3838	1119		1479	11453	1119		11913				126.32	403.68		433.03	169.43	403.68		178.5				323.75	433.03		403.68	178.5	433.03		169.43			
>>>>>>> Stashed changes
Recording062	ProVisioNET_study_108_08	Female	Novice	snapshop_A_nametag	1	snapshop_A_nametag	260	590930	0	0	0	0	0	0	0	0	0	0	0	0	0	0	0	0	0	0	0	0	0	0	0	0	0	0	0	0	0	0	0	0	0	0	0	0	0	0	0	0	0	0	0	0	0	0	0	0																																																									240											120											100											140											2											0											140			Nametag_Anna	Nametag_Anna									0																																												0																																	260											260											260											260											1											0											260											260											260											260											260											1											0											260			0		0			0																						1																																														
Recording062	ProVisioNET_study_108_08	Female	Novice	snapshop_A_nametag	2	snapshop_A_nametag	780	869048	0	0	0	0	0	0	0	0	0	0	0	0	0	0	0	0	0	0	0	0	0	0	0	0	0	0	0	0	0	0	0	0	0	0	0	0	0	0	0	0	0	0	0	0	0	0	0	0																																																									480											240											160											320											2											0											320			Nametag_Anna	Nametag_Anna									0																																												0																																	780											780											780											780											1											0											780											780											780											780											780											1											0											780			0		0			0																						2																																														
Recording062	ProVisioNET_study_108_08	Female	Novice	snapshop_A_nametag	3	snapshop_A_nametag	2379	918240	0	0	0	0	0	0	0	0	0	0	0	0	0	0	0	0	0	0	0	0	0	0	0	0	0	0	0	0	0	0	0	0	0	0	0	0	0	0	0	0	0	0	0	0	0	0	0	0																																																									420											210											160											260											2											0											160			Nametag_Anna	Nametag_Anna									0																																												0																																	2379											2379											2379											2379											1											0											2379											2379											2379											2379											2379											1											0											2379			0		0			0																						0																																														
Recording062	ProVisioNET_study_108_08	Female	Novice	snapshop_A_nametag	4	snapshop_A_nametag	120	1048843	0	0	0	0	0	0	0	0	0	0	0	0	0	0	0	0	0	0	0	0	0	0	0	0	0	0	0	0	0	0	0	0	0	0	0	0	0	0	0	0	0	0	0	0	0	0	0	0																																																									80											80											80											80											1											40											80			Nametag_Anna	Nametag_Anna									0																																												0																																	120											120											120											120											1											0											120											120											120											120											120											1											0											120			0		0			0																						0																																														
Recording062	ProVisioNET_study_108_08	Female	Novice	snapshop_A_nametag	5	snapshop_A_nametag	220	1347708	0	0	0	0	0	0	0	0	0	0	0	0	0	0	0	0	0	0	0	0	0	0	0	0	0	0	0	0	0	0	0	0	0	0	0	0	0	0	0	0	0	0	0	0	0	0	0	0																																																									220											220											220											220											1											0											220			Nametag_Anna	Nametag_Anna									0																																												0																																	220											220											220											220											1											0											220											220											220											220											220											1											0											220			0		0			0																						0																																														
Recording062	ProVisioNET_study_108_08	Female	Novice	snapshop_A_nametag	6	snapshop_A_nametag	120	1439414	0	0	0	0	0	0	0	0	0	0	0	0	0	0	0	0	0	0	0	0	0	0	0	0	0	0	0	0	0	0	0	0	0	0	0	0	0	0	0	0	0	0	0	0	0	0	0	0																																																									120											120											120											120											1											0											120			Nametag_Anna	Nametag_Anna									0																																												0																																	120											120											120											120											1											0											120											120											120											120											120											1											0											120			0		0			0																						0																																														
Recording062	ProVisioNET_study_108_08	Female	Novice	snapshop_B_nametag	1	snapshop_B_nametag	280	563946	0	0	0	0	0	0	0	0	0	0	0	0	0	0	0	0	0	0	0	0	0	0	0	0	0	0	0	0	0	0	0	0	0	0	0	0	0	0	0	0	0	0	0	0	0	0	0	0																																																										260											130											120											140											2											0											120		Nametag_Bianca	Nametag_Bianca										0																																												0																																	280											280											280											280											1											0											280											280											280											280											280											1											0											280		0		0			0																							1																																													
Recording062	ProVisioNET_study_108_08	Female	Novice	snapshop_B_nametag	2	snapshop_B_nametag	160	576039	0	0	0	0	0	0	0	0	0	0	0	0	0	0	0	0	0	0	0	0	0	0	0	0	0	0	0	0	0	0	0	0	0	0	0	0	0	0	0	0	0	0	0	0	0	0	0	0																																																										160											160											160											160											1											0											160		Nametag_Bianca	Nametag_Bianca										0																																												0																																	160											160											160											160											1											0											160											160											160											160											160											1											0											160		0		0			0																							0																																													
Recording062	ProVisioNET_study_108_08	Female	Novice	snapshop_B_nametag	3	snapshop_B_nametag	380	842964	0	0	0	0	0	0	0	0	0	0	0	0	0	0	0	0	0	0	0	0	0	0	0	0	0	0	0	0	0	0	0	0	0	0	0	0	0	0	0	0	0	0	0	0	0	0	0	0																																																										380											380											380											380											1											0											380		Nametag_Bianca	Nametag_Bianca										0																																												0																																	380											380											380											380											1											0											380											380											380											380											380											1											0											380		0		0			0																							0																																													
Recording062	ProVisioNET_study_108_08	Female	Novice	snapshop_B_nametag	4	snapshop_B_nametag	220	869408	0	0	0	0	0	0	0	0	0	0	0	0	0	0	0	0	0	0	0	0	0	0	0	0	0	0	0	0	0	0	0	0	0	0	0	0	0	0	0	0	0	0	0	0	0	0	0	0																																																										220											220											220											220											1											0											220		Nametag_Bianca	Nametag_Bianca										0																																												0																																	220											220											220											220											1											0											220											220											220											220											220											1											0											220		0		0			0																							0																																													
Recording062	ProVisioNET_study_108_08	Female	Novice	snapshop_B_nametag	5	snapshop_B_nametag	280	1117463	0	0	0	0	0	0	0	0	0	0	0	0	0	0	0	0	0	0	0	0	0	0	0	0	0	0	0	0	0	0	0	0	0	0	0	0	0	0	0	0	0	0	0	0	0	0	0	0																																																										280											280											280											280											1											0											280		Nametag_Bianca	Nametag_Bianca										0																																												0																																	280											280											280											280											1											0											280											280											280											280											280											1											0											280		0		0			0																							0																																													
Recording062	ProVisioNET_study_108_08	Female	Novice	snapshop_B_nametag	6	snapshop_B_nametag	80	1258960	0	0	0	0	0	0	0	0	0	0	0	0	0	0	0	0	0	0	0	0	0	0	0	0	0	0	0	0	0	0	0	0	0	0	0	0	0	0	0	0	0	0	0	0	0	0	0	0																																																										80											80											80											80											1											0											80		Nametag_Bianca	Nametag_Bianca										0																																												0																																	80											80											80											80											1											0											80											80											80											80											80											1											0											80		0		0			0																							0																																													
Recording062	ProVisioNET_study_108_08	Female	Novice	snapshop_board_screen	1	snapshop_board_screen	180	551113	0	0	0	0	0	0	0	0	0	0	0	0	0	0	0	0	0	0	0	0	0	0	0	0	0	0	0	0	0	0	0	0	0	0	0	0	0	0	0	0	0	0	0	0	0	0	0	0																																																			180											180											180											180											1											0											180									Board_Screen	Board_Screen			0																																												0																																	180											180											180											180											1											0											180											180											180											180											180											1											0											180									0		0			0																0																																																				
Recording062	ProVisioNET_study_108_08	Female	Novice	snapshop_board_screen	2	snapshop_board_screen	30962	668645	0	0	0	0	0	0	0	0	0	0	0	0	0	0	0	0	0	0	0	0	0	0	0	0	0	0	0	0	0	0	0	0	0	0	0	0	0	0	0	0	0	0	0	0	0	0	0	0																																																			16071											412											80											1339											39											100											340									Board_Screen	Board_Screen			0																																												0																																	30962											30962											30962											30962											1											0											30962											30962											30962											30962											30962											1											0											30962									0		0			0																33																																																				
Recording062	ProVisioNET_study_108_08	Female	Novice	snapshop_board_screen	3	snapshop_board_screen	7436	704664	0	0	0	0	0	0	0	0	0	0	0	0	0	0	0	0	0	0	0	0	0	0	0	0	0	0	0	0	0	0	0	0	0	0	0	0	0	0	0	0	0	0	0	0	0	0	0	0																																																			2459											351											160											500											7											0											300									Board_Screen	Board_Screen			0																																												0																																	7436											7436											7436											7436											1											0											7436											7436											7436											7436											7436											1											0											7436									0		0			0																6																																																				
Recording062	ProVisioNET_study_108_08	Female	Novice	snapshop_C_nametag	1	snapshop_C_nametag	360	1151183	0	0	0	0	0	0	0	0	0	0	0	0	0	0	0	0	0	0	0	0	0	0	0	0	0	0	0	0	0	0	0	0	0	0	0	0	0	0	0	0	0	0	0	0	0	0	0	0																																																											360											360											360											360											1											0											360	Nametag_Carl(a)	Nametag_Carl(a)											0																																												0																																	360											360											360											360											1											0											360											360											360											360											360											1											0											360	0		0			0																								0																																												
Recording062	ProVisioNET_study_108_08	Female	Novice	snapshopt_material_students	1	snapshopt_material_students	660	743382	0	0	0	0	0	0	0	0	0	0	0	0	0	0	0	0	0	0	0	0	0	0	0	0	0	0	0	0	0	0	0	0	0	0	0	0	0	0	0	0	0	0	0	0	0	0	0	0																																																							640											320											200											440											2											0											200					Material_Students	Material_Students							0																																												0																																	660											660											660											660											1											0											660											660											660											660											660											1											0											660					0		0			0																				1																																																
Recording062	ProVisioNET_study_108_08	Female	Novice	snapshopt_material_students	2	snapshopt_material_students	240	884319	0	0	0	0	0	0	0	0	0	0	0	0	0	0	0	0	0	0	0	0	0	0	0	0	0	0	0	0	0	0	0	0	0	0	0	0	0	0	0	0	0	0	0	0	0	0	0	0																																																							240											240											240											240											1											0											240					Material_Students	Material_Students							0																																												0																																	240											240											240											240											1											0											240											240											240											240											240											1											0											240					0		0			0																				0																																																
Recording062	ProVisioNET_study_108_08	Female	Novice	snapshopt_material_students	3	snapshopt_material_students	100	899671	0	0	0	0	0	0	0	0	0	0	0	0	0	0	0	0	0	0	0	0	0	0	0	0	0	0	0	0	0	0	0	0	0	0	0	0	0	0	0	0	0	0	0	0	0	0	0	0																																																							80											80											80											80											1											0											80					Material_Students								0																																												0																																	100											100											100											100											1											0											100											100											100											100											100											1											0											100					0		0			0																				0																																																
Recording062	ProVisioNET_study_108_08	Female	Novice	snapshopt_material_students	4	snapshopt_material_students	80	921798	0	0	0	0	0	0	0	0	0	0	0	0	0	0	0	0	0	0	0	0	0	0	0	0	0	0	0	0	0	0	0	0	0	0	0	0	0	0	0	1	0	0	0	0	0	0	0	0																																								40															80											80											80											80											1											0											80					Material_Students	Material_Students							0																																												0																																	80											80											80											80											1											0											80											80											80											80											80											1											0											80					0		0			0																				0																																																
Recording062	ProVisioNET_study_108_08	Female	Novice	snapshopt_material_students	5	snapshopt_material_students	200	1048583	0	0	0	0	0	0	0	0	0	0	0	0	0	0	0	0	0	0	0	0	0	0	0	0	0	0	0	0	0	0	0	0	0	0	0	0	0	0	0	0	0	0	0	0	0	0	0	0																																																							180											180											180											180											1											0											180					Material_Students								0																																												0																																	200											200											200											200											1											0											200											200											200											200											200											1											0											200					0		0			0																				0																																																
Recording062	ProVisioNET_study_108_08	Female	Novice	snapshopt_material_students	6	snapshopt_material_students	140	1065434	0	0	0	0	0	0	0	0	0	0	0	0	0	0	0	0	0	0	0	0	0	0	0	0	0	0	0	0	0	0	0	0	0	0	0	0	0	0	0	0	0	0	0	0	0	0	0	0																																																							140											140											140											140											1											0											140					Material_Students	Material_Students							0																																												0																																	140											140											140											140											1											0											140											140											140											140											140											1											0											140					0		0			0																				0																																																
Recording062	ProVisioNET_study_108_08	Female	Novice	snapshopt_material_students	7	snapshopt_material_students	620	1085282	0	0	0	0	0	0	0	0	0	0	0	0	0	0	0	0	0	0	0	0	0	0	0	0	0	0	0	0	0	0	0	0	0	0	1	0	0	0	0	0	0	0	0	0	0	0	0	0																																			161																				600											300											100											500											2											0											100					Material_Students	Material_Students							0																																												0																																	620											620											620											620											1											0											620											620											620											620											620											1											0											620					0		0			0																				0																																																
Recording062	ProVisioNET_study_108_08	Female	Novice	snapshopt_material_students	8	snapshopt_material_students	80	1099174	0	0	0	0	0	0	0	0	0	0	0	0	0	0	0	0	0	0	0	0	0	0	0	0	0	0	0	0	0	0	0	0	0	0	0	0	0	0	0	0	0	0	0	0	0	0	0	0																																																							80											80											80											80											1											0											80					Material_Students	Material_Students							0																																												0																																	80											80											80											80											1											0											80											80											80											80											80											1											0											80					0		0			0																				0																																																
Recording062	ProVisioNET_study_108_08	Female	Novice	snapshopt_material_students	9	snapshopt_material_students	200	1551168	0	0	0	0	0	0	0	0	0	0	0	0	0	0	0	0	0	0	0	0	0	0	0	0	0	0	0	0	0	0	0	0	0	0	0	0	0	0	0	0	0	0	0	0	0	0	0	0																																																							200											200											200											200											1											0											200					Material_Students	Material_Students							0																																												0																																	200											200											200											200											1											0											200											200											200											200											200											1											0											200					0		0			0																				0																																																
Recording062	ProVisioNET_study_108_08	Female	Novice	snapshot_classroom_others	1	snapshot_classroom_others	8715	544877	0	1	0	0	0	0	0	0	0	0	0	0	0	0	0	0	0	0	0	0	0	0	0	0	0	0	0	0	0	0	0	0	0	0	0	0	0	0	0	0	0	0	0	0	0	0	0	0		4264																																																			2998											176											80											400											17											0											400							Classroom_Others	Classroom_Others					0																																												0																																	8715											8715											8715											8715											1											0											8715											8715											8715											8715											8715											1											0											8715							0		0			0																		13																																																		
Recording062	ProVisioNET_study_108_08	Female	Novice	snapshot_classroom_others	2	snapshot_classroom_others	4357	562447	0	0	0	0	0	0	0	0	0	0	0	0	0	0	0	0	0	0	0	0	0	0	0	0	0	0	0	0	0	0	0	0	0	0	0	0	0	0	0	0	0	0	0	0	0	0	0	0																																																					140											140											140											140											1											0											140							Classroom_Others						0																																												0																																	4357											4357											4357											4357											1											0											4357											4357											4357											4357											4357											1											0											4357							0		0			0																		3																																																		
Recording062	ProVisioNET_study_108_08	Female	Novice	snapshot_classroom_others	3	snapshot_classroom_others	17990	572181	0	0	0	0	0	0	0	0	0	0	0	0	0	0	0	0	0	0	0	0	0	0	0	0	0	0	0	0	0	0	0	0	0	0	0	0	0	0	0	0	0	0	0	0	0	0	0	0																																																					4857											442											80											2339											11											0											2339							Classroom_Others	Classroom_Others					0																																												0																																	17990											17990											17990											17990											1											0											17990											17990											17990											17990											17990											1											0											17990							0		0			0																		15																																																		
Recording062	ProVisioNET_study_108_08	Female	Novice	snapshot_classroom_others	4	snapshot_classroom_others	1079	598946	0	0	0	0	0	0	0	0	0	0	0	0	0	0	0	0	0	0	0	0	0	0	0	0	0	0	0	0	0	0	0	0	0	0	0	0	0	0	0	0	0	0	0	0	0	0	0	0																																																					300											150											80											220											2											0											80							Classroom_Others	Classroom_Others					0																																												0																																	1079											1079											1079											1079											1											0											1079											1079											1079											1079											1079											1											0											1079							0		0			0																		0																																																		
Recording062	ProVisioNET_study_108_08	Female	Novice	snapshot_classroom_others	5	snapshot_classroom_others	100	615336	0	0	0	0	0	0	0	0	0	0	0	0	0	0	0	0	0	0	0	0	0	0	0	0	0	0	0	0	0	0	0	0	0	0	0	0	0	0	0	0	0	0	0	0	0	0	0	0																																																					100											100											100											100											1											0											100							Classroom_Others	Classroom_Others					0																																												0																																	100											100											100											100											1											0											100											100											100											100											100											1											0											100							0		0			0																		0																																																		
Recording062	ProVisioNET_study_108_08	Female	Novice	snapshot_classroom_others	6	snapshot_classroom_others	10714	632726	0	0	0	0	0	0	0	0	0	0	0	0	0	0	0	0	0	0	0	0	0	0	0	0	0	0	0	0	0	0	0	0	0	0	0	0	0	0	0	0	0	0	0	0	0	0	0	0																																																					620											124											80											220											5											0											120							Classroom_Others	Classroom_Others					0																																												0																																	10714											10714											10714											10714											1											0											10714											10714											10714											10714											10714											1											0											10714							0		0			0																		6																																																		
Recording062	ProVisioNET_study_108_08	Female	Novice	snapshot_classroom_others	7	snapshot_classroom_others	15751	651475	0	0	0	0	0	0	0	0	0	0	0	0	0	0	0	0	0	0	0	0	0	0	0	0	0	0	0	0	0	0	0	0	0	0	0	0	0	0	0	0	0	0	0	0	0	0	0	0																																																					2499											227											80											840											11											0											120							Classroom_Others	Classroom_Others					0																																												0																																	15751											15751											15751											15751											1											0											15751											15751											15751											15751											15751											1											0											15751							0		0			0																		3																																																		
Recording062	ProVisioNET_study_108_08	Female	Novice	snapshot_classroom_others	8	snapshot_classroom_others	600	672843	0	0	0	0	0	0	0	0	0	0	0	0	0	0	0	0	0	0	0	0	0	0	0	0	0	0	0	0	0	0	0	0	0	0	0	0	0	0	0	0	0	0	0	0	0	0	0	0																																																					420											140											80											260											3											0											260							Classroom_Others	Classroom_Others					0																																												0																																	600											600											600											600											1											0											600											600											600											600											600											1											0											600							0		0			0																		1																																																		
Recording062	ProVisioNET_study_108_08	Female	Novice	snapshot_classroom_others	9	snapshot_classroom_others	1699	680418	0	0	0	0	0	0	0	0	0	0	0	0	0	0	0	0	0	0	0	0	0	0	0	0	0	0	0	0	0	0	0	0	0	0	0	0	0	0	0	0	0	0	0	0	0	0	0	0																																																					380											95											80											120											4											0											100							Classroom_Others	Classroom_Others					0																																												0																																	1699											1699											1699											1699											1											0											1699											1699											1699											1699											1699											1											0											1699							0		0			0																		0																																																		
Recording062	ProVisioNET_study_108_08	Female	Novice	snapshot_classroom_others	10	snapshot_classroom_others	8475	705704	0	0	0	0	0	0	0	0	0	0	0	0	0	0	0	0	0	0	0	0	0	0	0	0	0	0	0	0	0	0	0	0	0	0	0	0	0	0	0	0	0	0	0	0	0	0	0	0																																																					3438											573											80											1059											6											0											1059							Classroom_Others	Classroom_Others					0																																												0																																	8475											8475											8475											8475											1											0											8475											8475											8475											8475											8475											1											0											8475							0		0			0																		4																																																		
Recording062	ProVisioNET_study_108_08	Female	Novice	snapshot_classroom_others	11	snapshot_classroom_others	10574	721654	0	0	0	0	0	0	0	0	0	0	0	0	0	0	0	0	0	0	0	0	0	0	0	0	0	0	0	0	0	0	0	0	0	0	0	0	0	0	0	0	0	0	0	0	0	0	0	0																																																					4098											455											80											1479											9											40											120							Classroom_Others	Classroom_Others					0																																												0																																	10574											10574											10574											10574											1											0											10574											10574											10574											10574											10574											1											0											10574							0		0			0																		17																																																		
Recording062	ProVisioNET_study_108_08	Female	Novice	snapshot_classroom_others	12	snapshot_classroom_others	680	745121	0	0	0	0	0	0	0	0	0	0	0	0	0	0	0	0	0	0	0	0	0	0	0	0	0	0	0	0	0	0	0	0	0	0	0	0	0	0	0	0	0	0	0	0	0	0	0	0																																																					680											680											680											680											1											0											680							Classroom_Others	Classroom_Others					0																																												0																																	680											680											680											680											1											0											680											680											680											680											680											1											0											680							0		0			0																		0																																																		
Recording062	ProVisioNET_study_108_08	Female	Novice	snapshot_classroom_others	13	snapshot_classroom_others	9255	751517	0	0	0	0	0	0	0	0	0	0	0	0	0	0	0	0	0	0	0	0	0	0	0	0	0	0	0	0	0	0	0	0	0	0	0	0	0	0	0	0	0	0	0	0	0	0	0	0																																																					680											136											80											280											5											0											100							Classroom_Others	Classroom_Others					0																																												0																																	9255											9255											9255											9255											1											0											9255											9255											9255											9255											9255											1											0											9255							0		0			0																		6																																																		
Recording062	ProVisioNET_study_108_08	Female	Novice	snapshot_classroom_others	14	snapshot_classroom_others	140	770366	0	0	0	0	0	0	0	0	0	0	0	0	0	0	0	0	0	0	0	0	0	0	0	0	0	0	0	0	0	0	0	0	0	0	0	0	0	0	0	0	0	0	0	0	0	0	0	0																																																					100											100											100											100											1											40											100							Classroom_Others	Classroom_Others					0																																												0																																	140											140											140											140											1											0											140											140											140											140											140											1											0											140							0		0			0																		0																																																		
Recording062	ProVisioNET_study_108_08	Female	Novice	snapshot_classroom_others	15	snapshot_classroom_others	3058	776782	0	0	0	0	0	0	0	0	0	0	0	0	0	0	0	0	0	0	0	0	0	0	0	0	0	0	0	0	0	0	0	0	0	0	0	0	0	0	0	0	0	0	0	0	0	0	0	0																																																					979											245											80											620											4											100											160							Classroom_Others	Classroom_Others					0																																												0																																	3058											3058											3058											3058											1											0											3058											3058											3058											3058											3058											1											0											3058							0		0			0																		3																																																		
Recording062	ProVisioNET_study_108_08	Female	Novice	snapshot_classroom_others	16	snapshot_classroom_others	7995	788056	0	0	0	0	0	0	0	0	0	0	0	0	0	0	0	0	0	0	0	0	0	0	0	0	0	0	0	0	0	0	0	0	0	0	0	0	0	0	0	0	0	0	0	0	0	0	0	0																																																					1139											190											100											500											6											0											140							Classroom_Others	Classroom_Others					0																																												0																																	7995											7995											7995											7995											1											0											7995											7995											7995											7995											7995											1											0											7995							0		0			0																		10																																																		
Recording062	ProVisioNET_study_108_08	Female	Novice	snapshot_classroom_others	17	snapshot_classroom_others	80	804546	0	0	0	0	0	0	0	0	0	0	0	0	0	0	0	0	0	0	0	0	0	0	0	0	0	0	0	0	0	0	0	0	0	0	0	0	0	0	0	0	0	0	0	0	0	0	0	0																																																					80											80											80											80											1											0											80							Classroom_Others	Classroom_Others					0																																												0																																	80											80											80											80											1											0											80											80											80											80											80											1											0											80							0		0			0																		0																																																		
Recording062	ProVisioNET_study_108_08	Female	Novice	snapshot_classroom_others	18	snapshot_classroom_others	2938	811462	0	0	0	0	0	0	0	0	0	0	0	0	0	0	0	0	0	0	0	0	0	0	0	0	0	0	0	0	0	0	0	0	0	0	0	0	0	0	0	0	0	0	0	0	0	0	0	0																																																					2918											1459											680											2239											2											0											680							Classroom_Others	Classroom_Others					0																																												0																																	2938											2938											2938											2938											1											0											2938											2938											2938											2938											2938											1											0											2938							0		0			0																		1																																																		
Recording062	ProVisioNET_study_108_08	Female	Novice	snapshot_classroom_others	19	snapshot_classroom_others	18729	823015	0	0	0	0	0	0	0	0	0	0	0	0	0	0	0	0	0	0	0	0	0	0	0	0	0	0	0	0	0	0	0	0	0	0	0	0	0	0	0	0	0	0	0	0	0	1	1	0																																														14743	2087						3838											426											80											1479											9											0											80							Classroom_Others	Classroom_Others					0																																												0																																	18729											18729											18729											18729											1											0											18729											18729											18729											18729											18729											1											0											18729							0		0			0																		13																																																		
Recording062	ProVisioNET_study_108_08	Female	Novice	snapshot_classroom_others	20	snapshot_classroom_others	3278	853797	0	0	0	0	0	0	0	0	0	0	0	0	0	0	0	0	0	0	0	0	0	0	0	0	0	0	0	0	0	0	0	0	0	0	0	0	0	0	0	0	0	0	0	0	0	0	0	0																																																					840											210											140											260											4											0											140							Classroom_Others	Classroom_Others					0																																												0																																	3278											3278											3278											3278											1											0											3278											3278											3278											3278											3278											1											0											3278							0		0			0																		4																																																		
Recording062	ProVisioNET_study_108_08	Female	Novice	snapshot_classroom_others	21	snapshot_classroom_others	4078	862872	0	0	0	0	0	0	0	0	0	0	0	0	0	0	0	0	0	0	0	0	0	0	0	0	0	0	0	0	0	0	0	0	0	0	0	0	0	0	0	0	0	0	0	0	0	0	0	0																																																					300											150											100											200											2											0											100							Classroom_Others	Classroom_Others					0																																												0																																	4078											4078											4078											4078											1											0											4078											4078											4078											4078											4078											1											0											4078							0		0			0																		3																																																		
Recording062	ProVisioNET_study_108_08	Female	Novice	snapshot_classroom_others	22	snapshot_classroom_others	460	898651	0	0	0	0	0	0	0	0	0	0	0	0	0	0	0	0	0	0	0	0	0	0	0	0	0	0	0	0	0	0	0	0	0	0	0	0	0	0	0	0	0	0	0	0	0	0	0	0																																																					360											180											160											200											2											0											160							Classroom_Others						0																																												0																																	460											460											460											460											1											0											460											460											460											460											460											1											0											460							0		0			0																		0																																																		
Recording062	ProVisioNET_study_108_08	Female	Novice	snapshot_classroom_others	23	snapshot_classroom_others	220	916301	0	0	0	0	0	0	0	0	0	0	0	0	0	0	0	0	0	0	0	0	0	0	0	0	0	0	0	0	0	0	0	0	0	0	0	0	0	0	0	0	0	0	0	0	0	0	0	0																																																					220											220											220											220											1											0											220							Classroom_Others	Classroom_Others					0																																												0																																	220											220											220											220											1											0											220											220											220											220											220											1											0											220							0		0			0																		0																																																		
Recording062	ProVisioNET_study_108_08	Female	Novice	snapshot_classroom_others	24	snapshot_classroom_others	11933	922157	0	0	0	0	0	0	0	0	0	0	0	0	0	0	0	0	0	0	0	0	0	0	0	0	0	0	0	0	0	0	1	1	0	0	0	0	0	0	0	0	0	0	0	0	0	0	0	0																															3336	3551																					3238											249											80											1239											13											0											220							Classroom_Others	Classroom_Others					0																																												0																																	11933											11933											11933											11933											1											0											11933											11933											11933											11933											11933											1											0											11933							0		0			0																		16																																																		
Recording062	ProVisioNET_study_108_08	Female	Novice	snapshot_classroom_others	25	snapshot_classroom_others	480	943845	0	0	0	0	0	0	0	0	0	0	0	0	0	0	0	0	0	0	0	0	0	0	0	0	0	0	0	0	0	0	0	0	0	0	0	0	0	0	0	0	0	0	0	0	0	0	0	0																																																					460											230											120											340											2											0											120							Classroom_Others	Classroom_Others					0																																												0																																	480											480											480											480											1											0											480											480											480											480											480											1											0											480							0		0			0																		1																																																		
Recording062	ProVisioNET_study_108_08	Female	Novice	snapshot_classroom_others	26	snapshot_classroom_others	80	977605	0	0	0	0	0	0	0	0	0	0	0	0	0	0	0	0	0	0	0	0	0	0	0	0	0	0	0	0	0	0	0	0	0	0	0	0	0	0	0	0	0	0	0	0	0	0	0	0																																																					80											80											80											80											1											0											80							Classroom_Others	Classroom_Others					0																																												0																																	80											80											80											80											1											0											80											80											80											80											80											1											0											80							0		0			0																		0																																																		
Recording062	ProVisioNET_study_108_08	Female	Novice	snapshot_classroom_others	27	snapshot_classroom_others	540	987879	0	0	0	0	0	0	0	0	0	0	0	0	0	0	0	0	0	0	0	0	0	0	0	0	0	0	0	0	0	0	0	0	0	0	0	0	0	0	0	0	0	0	0	0	0	0	0	0																																																					440											110											80											140											4											0											80							Classroom_Others	Classroom_Others					0																																												0																																	540											540											540											540											1											0											540											540											540											540											540											1											0											540							0		0			0																		0																																																		
Recording062	ProVisioNET_study_108_08	Female	Novice	snapshot_classroom_others	28	snapshot_classroom_others	360	996434	0	0	0	0	0	0	0	0	0	0	0	0	0	0	0	0	0	0	0	0	0	0	0	0	0	0	0	0	0	0	0	0	0	0	0	0	0	0	0	0	0	0	0	0	0	0	0	0																																																					340											340											340											340											1											0											340							Classroom_Others						0																																												0																																	360											360											360											360											1											0											360											360											360											360											360											1											0											360							0		0			0																		0																																																		
Recording062	ProVisioNET_study_108_08	Female	Novice	snapshot_classroom_others	29	snapshot_classroom_others	1799	1006988	0	0	0	0	0	0	0	0	0	0	0	0	0	0	0	0	0	0	0	0	0	0	0	0	0	0	0	0	0	0	0	0	0	0	0	0	0	0	0	0	0	0	0	0	0	0	0	0																																																					740											247											80											520											3											0											80							Classroom_Others	Classroom_Others					0																																												0																																	1799											1799											1799											1799											1											0											1799											1799											1799											1799											1799											1											0											1799							0		0			0																		1																																																		
Recording062	ProVisioNET_study_108_08	Female	Novice	snapshot_classroom_others	30	snapshot_classroom_others	2299	1050282	0	0	0	0	0	0	0	0	0	0	0	0	0	0	0	0	0	0	0	0	0	0	0	0	0	0	0	0	0	0	0	0	0	0	0	0	0	0	0	0	0	0	0	0	0	0	0	0																																																					720											144											100											240											5											0											140							Classroom_Others	Classroom_Others					0																																												0																																	2299											2299											2299											2299											1											0											2299											2299											2299											2299											2299											1											0											2299							0		0			0																		2																																																		
Recording062	ProVisioNET_study_108_08	Female	Novice	snapshot_classroom_others	31	snapshot_classroom_others	5257	1060157	0	0	0	0	0	0	0	0	0	0	0	0	0	0	0	0	0	0	0	0	0	0	0	0	0	0	0	0	0	0	0	0	0	0	0	0	0	0	0	0	0	0	0	0	0	0	0	0																																																					1019											146											80											280											7											0											80							Classroom_Others	Classroom_Others					0																																												0																																	5257											5257											5257											5257											1											0											5257											5257											5257											5257											5257											1											0											5257							0		0			0																		1																																																		
Recording062	ProVisioNET_study_108_08	Female	Novice	snapshot_classroom_others	32	snapshot_classroom_others	21887	1076487	0	0	0	0	0	0	0	0	0	0	0	1	0	0	0	0	0	0	0	0	0	0	0	0	0	0	0	0	0	0	0	0	0	0	1	0	0	0	0	0	0	0	0	0	0	0	0	0												9883																							8956																		2479											155											80											440											16											0											440							Classroom_Others	Classroom_Others					0																																												0																																	21887											21887											21887											21887											1											0											21887											21887											21887											21887											21887											1											0											21887							0		0			0																		11																																																		
Recording062	ProVisioNET_study_108_08	Female	Novice	snapshot_classroom_others	33	snapshot_classroom_others	120	1105490	0	0	0	0	0	0	0	0	0	0	0	0	0	0	0	0	0	0	0	0	0	0	0	0	0	0	0	0	0	0	0	0	0	0	0	0	0	0	0	0	0	0	0	0	0	0	0	0																																																					120											120											120											120											1											0											120							Classroom_Others	Classroom_Others					0																																												0																																	120											120											120											120											1											0											120											120											120											120											120											1											0											120							0		0			0																		0																																																		
Recording062	ProVisioNET_study_108_08	Female	Novice	snapshot_classroom_others	34	snapshot_classroom_others	4078	1125618	0	0	0	0	0	0	0	0	0	0	0	0	0	0	0	0	0	0	0	0	0	0	0	0	0	0	0	0	0	0	0	0	0	0	0	0	0	0	0	0	0	0	0	0	0	0	0	0																																																					939											157											80											460											6											0											460							Classroom_Others						0																																												0																																	4078											4078											4078											4078											1											0											4078											4078											4078											4078											4078											1											0											4078							0		0			0																		4																																																		
Recording062	ProVisioNET_study_108_08	Female	Novice	snapshot_classroom_others	35	snapshot_classroom_others	2239	1137911	0	0	0	0	0	0	0	0	0	0	0	0	0	0	0	0	0	0	0	0	0	0	0	0	0	0	0	0	0	0	0	0	0	0	0	0	0	0	0	0	0	0	0	0	0	0	0	0																																																					999											333											80											800											3											0											800							Classroom_Others	Classroom_Others					0																																												0																																	2239											2239											2239											2239											1											0											2239											2239											2239											2239											2239											1											0											2239							0		0			0																		1																																																		
Recording062	ProVisioNET_study_108_08	Female	Novice	snapshot_classroom_others	36	snapshot_classroom_others	2638	1148525	0	0	0	0	0	0	0	0	0	0	0	0	0	0	0	0	0	0	0	0	0	0	0	0	0	0	0	0	0	0	0	0	0	0	0	0	0	0	0	0	0	0	0	0	0	0	0	0																																																					680											136											80											200											5											0											200							Classroom_Others	Classroom_Others					0																																												0																																	2638											2638											2638											2638											1											0											2638											2638											2638											2638											2638											1											0											2638							0		0			0																		3																																																		
Recording062	ProVisioNET_study_108_08	Female	Novice	snapshot_classroom_others	37	snapshot_classroom_others	11473	1158579	0	0	0	0	0	0	0	0	0	0	0	0	0	0	0	0	0	0	0	0	0	0	0	0	0	0	0	0	0	0	0	0	0	0	0	0	0	0	0	0	1	0	0	1	1	0	0	0																																									8589			9774	6833								1479											185											80											660											8											0											80							Classroom_Others	Classroom_Others					0																																												0																																	11473											11473											11473											11473											1											0											11473											11473											11473											11473											11473											1											0											11473							0		0			0																		4																																																		
Recording062	ProVisioNET_study_108_08	Female	Novice	snapshot_classroom_others	38	snapshot_classroom_others	10834	1175889	0	0	0	0	0	0	0	0	0	0	0	0	0	0	0	0	0	0	0	0	0	0	0	0	0	0	0	0	0	0	0	0	0	0	0	0	0	0	0	0	0	0	0	0	0	0	0	0																																																					2039											227											80											480											9											0											100							Classroom_Others	Classroom_Others					0																																												0																																	10834											10834											10834											10834											1											0											10834											10834											10834											10834											10834											1											0											10834							0		0			0																		3																																																		
Recording062	ProVisioNET_study_108_08	Female	Novice	snapshot_classroom_others	39	snapshot_classroom_others	9494	1193139	0	0	0	0	0	0	0	0	0	0	0	0	0	0	0	0	0	0	0	0	0	0	0	0	0	0	0	0	0	0	0	0	0	0	0	0	0	0	0	0	0	0	1	0	0	0	0	0																																											2273										1619											270											100											480											6											0											220							Classroom_Others	Classroom_Others					0																																												0																																	9494											9494											9494											9494											1											0											9494											9494											9494											9494											9494											1											0											9494							0		0			0																		4																																																		
Recording062	ProVisioNET_study_108_08	Female	Novice	snapshot_classroom_others	40	snapshot_classroom_others	18889	1228078	0	0	0	0	0	0	0	0	0	0	0	0	0	0	0	0	0	0	0	0	0	0	0	0	0	0	0	0	0	0	0	0	0	0	0	0	0	0	0	0	0	0	0	0	0	0	0	0																																																					3658											261											120											660											14											40											140							Classroom_Others						0																																												0																																	18889											18889											18889											18889											1											0											18889											18889											18889											18889											18889											1											0											18889							0		0			0																		17																																																		
Recording062	ProVisioNET_study_108_08	Female	Novice	snapshot_classroom_others	41	snapshot_classroom_others	7356	1252724	0	0	0	0	0	0	0	0	0	0	0	0	0	0	0	0	0	0	1	0	0	0	0	0	0	0	0	0	0	0	0	0	0	0	0	0	1	0	0	0	0	0	0	0	0	0	0	0																			3256																		6811																3638											606											100											1979											6											0											1979							Classroom_Others	Classroom_Others					0																																												0																																	7356											7356											7356											7356											1											0											7356											7356											7356											7356											7356											1											0											7356							0		0			0																		7																																																		
Recording062	ProVisioNET_study_108_08	Female	Novice	snapshot_classroom_others	42	snapshot_classroom_others	9275	1266016	0	0	0	0	0	0	0	0	0	0	0	0	0	0	0	0	0	0	0	0	0	0	0	0	0	0	0	0	0	0	0	0	0	0	0	0	0	0	0	0	0	0	0	0	0	0	0	0																																																					4617											385											80											1119											12											0											100							Classroom_Others	Classroom_Others					0																																												0																																	9275											9275											9275											9275											1											0											9275											9275											9275											9275											9275											1											0											9275							0		0			0																		13																																																		
Recording062	ProVisioNET_study_108_08	Female	Novice	snapshot_classroom_others	43	snapshot_classroom_others	6796	1288662	0	0	0	0	0	0	0	0	0	0	0	0	0	0	0	0	0	0	0	0	0	0	0	0	0	0	0	0	0	0	0	0	0	0	0	0	0	0	0	0	0	0	0	0	0	0	0	0																																																					2438											305											80											800											8											0											620							Classroom_Others	Classroom_Others					0																																												0																																	6796											6796											6796											6796											1											0											6796											6796											6796											6796											6796											1											0											6796							0		0			0																		3																																																		
Recording062	ProVisioNET_study_108_08	Female	Novice	snapshot_classroom_others	44	snapshot_classroom_others	220	1304713	0	0	0	0	0	0	0	0	0	0	0	0	0	0	0	0	0	0	0	0	0	0	0	0	0	0	0	0	0	0	0	0	0	0	0	0	0	0	0	0	0	0	0	0	0	0	0	0																																																					220											220											220											220											1											0											220							Classroom_Others	Classroom_Others					0																																												0																																	220											220											220											220											1											0											220											220											220											220											220											1											0											220							0		0			0																		0																																																		
Recording062	ProVisioNET_study_108_08	Female	Novice	snapshot_classroom_others	45	snapshot_classroom_others	100	1334056	0	0	0	0	0	0	0	0	0	0	0	0	0	0	0	0	0	0	0	0	0	0	0	0	0	0	0	0	0	0	0	0	0	0	0	0	0	0	0	0	0	0	0	0	0	0	0	0																																																					80											80											80											80											1											0											80							Classroom_Others						0																																												0																																	100											100											100											100											1											0											100											100											100											100											100											1											0											100							0		0			0																		0																																																		
Recording062	ProVisioNET_study_108_08	Female	Novice	snapshot_classroom_others	46	snapshot_classroom_others	80	1373393	0	0	0	0	0	0	0	0	0	0	0	0	0	0	0	0	0	0	0	0	0	0	0	0	0	0	0	0	0	0	0	0	0	0	0	0	0	0	0	0	0	0	0	0	0	0	0	0																																																					80											80											80											80											1											0											80							Classroom_Others	Classroom_Others					0																																												0																																	80											80											80											80											1											0											80											80											80											80											80											1											0											80							0		0			0																		0																																																		
Recording062	ProVisioNET_study_108_08	Female	Novice	snapshot_classroom_others	47	snapshot_classroom_others	8715	1380049	0	0	0	0	0	0	0	0	0	0	0	0	0	0	0	0	0	0	0	0	0	0	0	0	0	0	0	0	0	0	0	0	0	0	0	0	0	0	0	0	0	0	0	0	0	0	0	0																																																					1919											320											80											919											6											0											160							Classroom_Others	Classroom_Others					0																																												0																																	8715											8715											8715											8715											1											0											8715											8715											8715											8715											8715											1											0											8715							0		0			0																		4																																																		
Recording062	ProVisioNET_study_108_08	Female	Novice	snapshot_classroom_others	48	snapshot_classroom_others	1559	1396559	0	0	0	0	0	0	0	0	0	0	0	0	0	0	0	0	0	0	0	0	0	0	0	0	0	0	0	0	0	0	0	0	0	0	0	0	0	0	0	0	0	0	0	0	0	0	0	0																																																					520											173											160											180											3											0											160							Classroom_Others	Classroom_Others					0																																												0																																	1559											1559											1559											1559											1											0											1559											1559											1559											1559											1559											1											0											1559							0		0			0																		2																																																		
Recording062	ProVisioNET_study_108_08	Female	Novice	snapshot_classroom_others	49	snapshot_classroom_others	1979	1404754	0	0	0	0	0	0	0	0	0	0	0	0	0	0	0	0	0	0	0	0	0	0	0	0	0	0	0	0	0	0	0	0	0	0	0	0	0	0	0	0	0	0	0	0	0	0	0	0																																																					560											280											80											480											2											0											80							Classroom_Others	Classroom_Others					0																																												0																																	1979											1979											1979											1979											1											0											1979											1979											1979											1979											1979											1											0											1979							0		0			0																		0																																																		
Recording062	ProVisioNET_study_108_08	Female	Novice	snapshot_classroom_others	50	snapshot_classroom_others	200	1414348	0	0	0	0	0	0	0	0	0	0	0	0	0	0	0	0	0	0	0	0	0	0	0	0	0	0	0	0	0	0	0	0	0	0	0	0	0	0	0	0	0	0	0	0	0	0	0	0																																																					180											90											80											100											2											0											100							Classroom_Others	Classroom_Others					0																																												0																																	200											200											200											200											1											0											200											200											200											200											200											1											0											200							0		0			0																		0																																																		
Recording062	ProVisioNET_study_108_08	Female	Novice	snapshot_classroom_others	51	snapshot_classroom_others	1439	1424163	0	0	0	0	0	0	0	0	0	0	0	0	0	0	0	0	0	0	0	0	0	0	0	0	0	0	0	0	0	0	0	0	0	0	0	0	0	0	0	0	0	0	0	0	0	0	0	0																																																					1419											710											680											740											2											0											740							Classroom_Others	Classroom_Others					0																																												0																																	1439											1439											1439											1439											1											0											1439											1439											1439											1439											1439											1											0											1439							0		0			0																		1																																																		
Recording062	ProVisioNET_study_108_08	Female	Novice	snapshot_classroom_others	52	snapshot_classroom_others	360	1433237	0	0	0	0	0	0	0	0	0	0	0	0	0	0	0	0	0	0	0	0	0	0	0	0	0	0	0	0	0	0	0	0	0	0	0	0	0	0	0	0	0	0	0	0	0	0	0	0																																																					360											360											360											360											1											0											360							Classroom_Others	Classroom_Others					0																																												0																																	360											360											360											360											1											0											360											360											360											360											360											1											0											360							0		0			0																		0																																																		
Recording062	ProVisioNET_study_108_08	Female	Novice	snapshot_classroom_others	53	snapshot_classroom_others	500	1440333	0	0	0	0	0	0	0	0	0	0	0	0	0	0	0	0	0	0	0	0	0	0	0	0	0	0	0	0	0	0	0	0	0	1	0	0	0	0	0	0	0	0	0	0	0	0	0	0																																		462																			400											133											80											240											3											0											240							Classroom_Others						0																																												0																																	500											500											500											500											1											0											500											500											500											500											500											1											0											500							0		0			0																		2																																																		
Recording062	ProVisioNET_study_108_08	Female	Novice	snapshot_classroom_others	54	snapshot_classroom_others	10314	1455924	0	0	0	0	0	0	0	1	0	0	0	0	0	0	0	0	0	0	0	0	0	0	0	0	0	0	0	0	0	0	0	0	0	0	0	0	0	0	0	0	0	0	0	0	0	0	0	0								9632																																													2538											317											80											1259											8											0											80							Classroom_Others	Classroom_Others					0																																												0																																	10314											10314											10314											10314											1											0											10314											10314											10314											10314											10314											1											0											10314							0		0			0																		7																																																		
Recording062	ProVisioNET_study_108_08	Female	Novice	snapshot_classroom_others	55	snapshot_classroom_others	160	1482168	0	0	0	0	0	0	0	0	0	0	0	0	0	0	0	0	0	0	0	0	0	0	0	0	0	0	0	0	0	0	0	0	0	0	0	0	0	0	0	0	0	0	0	0	0	0	0	0																																																					160											160											160											160											1											0											160							Classroom_Others	Classroom_Others					0																																												0																																	160											160											160											160											1											0											160											160											160											160											160											1											0											160							0		0			0																		0																																																		
Recording062	ProVisioNET_study_108_08	Female	Novice	snapshot_classroom_others	56	snapshot_classroom_others	979	1487525	0	0	0	0	0	0	0	0	0	0	0	0	0	0	0	0	0	0	0	0	0	0	0	0	0	0	0	0	0	0	0	0	0	0	0	0	0	0	0	0	0	0	0	0	0	0	0	0																																																					979											979											979											979											1											0											979							Classroom_Others	Classroom_Others					0																																												0																																	979											979											979											979											1											0											979											979											979											979											979											1											0											979							0		0			0																		0																																																		
Recording062	ProVisioNET_study_108_08	Female	Novice	snapshot_classroom_others	57	snapshot_classroom_others	160	1494401	0	0	0	0	0	0	0	0	0	0	0	0	0	0	0	0	0	0	0	0	0	0	0	0	0	0	0	0	0	0	0	0	0	0	0	0	0	0	0	0	0	0	0	0	0	0	0	0																																																					120											120											120											120											1											40											120							Classroom_Others	Classroom_Others					0																																												0																																	160											160											160											160											1											0											160											160											160											160											160											1											0											160							0		0			0																		0																																																		
Recording062	ProVisioNET_study_108_08	Female	Novice	snapshot_classroom_others	58	snapshot_classroom_others	460	1522525	0	0	0	0	0	0	0	0	0	0	0	0	0	0	0	0	0	0	0	0	0	0	0	0	0	0	0	0	0	0	0	0	0	0	0	0	0	0	0	0	0	0	0	0	0	0	0	0																																																					460											460											460											460											1											0											460							Classroom_Others	Classroom_Others					0																																												0																																	460											460											460											460											1											0											460											460											460											460											460											1											0											460							0		0			0																		0																																																		
Recording062	ProVisioNET_study_108_08	Female	Novice	snapshot_classroom_others	59	snapshot_classroom_others	5936	1529181	0	0	0	0	0	0	0	0	0	0	0	0	0	0	0	0	0	0	0	0	0	0	0	0	0	0	0	0	0	0	0	0	0	0	0	0	0	0	0	0	0	0	0	0	0	0	0	0																																																					2059											412											120											1379											5											0											1379							Classroom_Others	Classroom_Others					0																																												0																																	5936											5936											5936											5936											1											0											5936											5936											5936											5936											5936											1											0											5936							0		0			0																		9																																																		
Recording062	ProVisioNET_study_108_08	Female	Novice	snapshot_classroom_others	60	snapshot_classroom_others	3418	1551387	0	0	0	0	0	0	0	0	0	0	0	0	0	0	0	0	0	0	0	0	0	0	0	0	0	0	0	0	0	0	0	0	0	0	0	0	0	0	0	0	0	0	0	0	0	0	0	0																																																					720											360											180											540											2											0											540							Classroom_Others	Classroom_Others					0																																												0																																	3418											3418											3418											3418											1											0											3418											3418											3418											3418											3418											1											0											3418							0		0			0																		5																																																		
Recording062	ProVisioNET_study_108_08	Female	Novice	snapshot_classroom_others	61	snapshot_classroom_others	20068	1586107	0	0	0	0	0	0	0	0	0	0	0	0	0	0	0	0	0	0	0	0	0	0	0	0	0	1	0	0	0	0	0	0	0	0	0	0	0	0	0	0	0	0	0	0	0	0	0	0																										16740																											3478											232											80											580											15											0											140							Classroom_Others	Classroom_Others					0																																												0																																	20068											20068											20068											20068											1											0											20068											20068											20068											20068											20068											1											0											20068							0		0			0																		14																																																		
Recording062	ProVisioNET_study_108_08	Female	Novice	snapshot_disruptive_person	1	snapshot_disruptive_person	100	732428	0	0	0	0	0	0	0	0	0	0	0	0	0	0	0	0	0	0	0	0	0	0	0	0	0	0	0	0	0	0	0	0	0	0	0	0	0	0	0	0	0	0	0	0	0	0	0	0																																																						100											100											100											100											1											0											100						Disruptive_Person	Disruptive_Person						0																																												0																																	100											100											100											100											1											0											100											100											100											100											100											1											0											100						0		0			0																			0																																																	
Recording062	ProVisioNET_study_108_08	Female	Novice	snapshot_disruptive_person	2	snapshot_disruptive_person	660	743382	0	0	0	0	0	0	0	0	0	0	0	0	0	0	0	0	0	0	0	0	0	0	0	0	0	0	0	0	0	0	0	0	0	0	0	0	0	0	0	0	0	0	0	0	0	0	0	0																																																						640											320											200											440											2											0											200						Disruptive_Person	Disruptive_Person						0																																												0																																	660											660											660											660											1											0											660											660											660											660											660											1											0											660						0		0			0																			1																																																	
Recording062	ProVisioNET_study_108_08	Female	Novice	snapshot_disruptive_person	3	snapshot_disruptive_person	5837	818358	0	0	0	0	0	0	0	0	0	0	0	0	0	0	0	0	0	0	0	0	0	0	0	0	0	0	0	0	0	0	0	0	0	0	0	0	0	0	0	0	0	1	0	0	0	0	0	0																																										4418												2219											247											80											520											9											0											520						Disruptive_Person	Disruptive_Person						0																																												0																																	5837											5837											5837											5837											1											0											5837											5837											5837											5837											5837											1											0											5837						0		0			0																			5																																																	
Recording062	ProVisioNET_study_108_08	Female	Novice	snapshot_disruptive_person	4	snapshot_disruptive_person	29603	895353	0	0	0	0	0	0	0	0	0	0	0	0	0	0	0	0	0	0	0	0	0	0	0	0	0	0	0	0	0	0	0	0	1	0	0	0	0	0	0	1	0	0	0	0	0	0	0	0																																	140							26485														20608											412											80											1699											50											0											280						Disruptive_Person	Disruptive_Person						0																																												0																																	29603											29603											29603											29603											1											0											29603											29603											29603											29603											29603											1											0											29603						0		0			0																			15																																																	
Recording062	ProVisioNET_study_108_08	Female	Novice	snapshot_disruptive_person	5	snapshot_disruptive_person	4977	985121	0	0	0	0	0	0	0	0	0	0	0	0	0	0	0	0	0	0	0	0	0	0	0	1	0	0	0	0	0	0	0	0	0	0	0	0	0	0	1	0	0	0	0	0	0	0	0	0																								4604															4182															2918											486											140											1259											6											0											500						Disruptive_Person	Disruptive_Person						0																																												0																																	4977											4977											4977											4977											1											0											4977											4977											4977											4977											4977											1											0											4977						0		0			0																			0																																																	
Recording062	ProVisioNET_study_108_08	Female	Novice	snapshot_disruptive_person	6	snapshot_disruptive_person	2079	1084802	0	0	0	0	0	0	0	0	0	0	0	1	0	0	0	0	0	0	0	0	0	0	0	0	0	0	0	0	0	0	0	0	0	0	1	0	0	0	0	0	0	0	0	0	0	0	0	0												1567																							641																			1779											445											100											800											4											40											380						Disruptive_Person	Disruptive_Person						0																																												0																																	2079											2079											2079											2079											1											0											2079											2079											2079											2079											2079											1											0											2079						0		0			0																			1																																																	
Recording062	ProVisioNET_study_108_08	Female	Novice	snapshot_disruptive_person	7	snapshot_disruptive_person	2299	1166135	0	0	0	0	0	0	0	0	0	0	0	0	0	0	0	0	0	0	0	0	0	0	0	0	0	0	0	0	0	0	0	0	0	0	0	0	0	0	0	0	1	0	0	1	0	0	0	0																																									1034			2218										1659											237											120											440											7											0											200						Disruptive_Person	Disruptive_Person						0																																												0																																	2299											2299											2299											2299											1											0											2299											2299											2299											2299											2299											1											0											2299						0		0			0																			2																																																	
Recording062	ProVisioNET_study_108_08	Female	Novice	snapshot_disruptive_person	8	snapshot_disruptive_person	5437	1256961	0	0	0	0	0	0	0	0	0	0	0	0	0	0	0	0	0	1	0	0	0	0	0	0	0	0	0	0	0	0	0	0	0	0	0	0	1	0	0	0	0	0	0	0	0	0	0	0																		4370																			2573																	2878											576											120											2119											5											0											120						Disruptive_Person	Disruptive_Person						0																																												0																																	5437											5437											5437											5437											1											0											5437											5437											5437											5437											5437											1											0											5437						0		0			0																			5																																																	
Recording062	ProVisioNET_study_108_08	Female	Novice	snapshot_disruptive_person	9	snapshot_disruptive_person	2958	1347108	0	0	0	0	0	0	0	0	0	0	0	0	0	0	0	0	0	0	0	0	0	0	0	0	0	0	0	0	0	0	0	0	0	0	0	0	0	1	0	0	0	0	0	0	0	0	0	0																																						1081																2139											428											80											959											5											0											80						Disruptive_Person							0																																												0																																	2958											2958											2958											2958											1											0											2958											2958											2958											2958											2958											1											0											2958						0		0			0																			1																																																	
Recording062	ProVisioNET_study_108_08	Female	Novice	snapshot_disruptive_person	10	snapshot_disruptive_person	6276	1435716	0	0	0	0	0	0	0	0	1	0	0	0	0	0	0	0	0	0	0	0	0	0	0	0	0	0	0	0	0	0	0	0	0	1	0	0	0	0	0	0	0	0	0	0	0	0	0	0									5943																									5079																				2678											383											100											1799											7											120											1799						Disruptive_Person	Disruptive_Person						0																																												0																																	6276											6276											6276											6276											1											0											6276											6276											6276											6276											6276											1											0											6276						0		0			0																			8																																																	
Recording062	ProVisioNET_study_108_08	Female	Novice	snapshot_material_teacher	1	snapshot_material_teacher	340	552832	0	0	0	0	0	0	0	0	0	0	0	0	0	0	0	0	0	0	0	0	0	0	0	0	0	0	0	0	0	0	0	0	0	0	0	0	0	0	0	0	0	0	0	0	0	0	0	0																																																								280											140											80											200											2											0											80				Material_Teacher	Material_Teacher								0																																												0																																	340											340											340											340											1											0											340											340											340											340											340											1											0											340				0		0			0																					1																																															
Recording062	ProVisioNET_study_108_08	Female	Novice	snapshot_material_teacher	2	snapshot_material_teacher	1179	561087	0	0	0	0	0	0	0	0	0	0	0	0	0	0	0	0	0	0	0	0	0	0	0	0	0	0	0	0	0	0	0	0	0	0	0	0	0	0	0	0	0	0	0	0	0	0	0	0																																																								840											280											100											400											3											0											100				Material_Teacher	Material_Teacher								0																																												0																																	1179											1179											1179											1179											1											0											1179											1179											1179											1179											1179											1											0											1179				0		0			0																					0																																															
Recording062	ProVisioNET_study_108_08	Female	Novice	snapshot_material_teacher	3	snapshot_material_teacher	2539	590231	0	0	0	0	0	0	0	0	0	0	0	0	0	0	0	0	0	0	0	0	0	0	0	0	0	0	0	0	0	0	0	0	0	0	0	0	0	0	0	0	0	0	0	0	0	0	0	0																																																								400											200											160											240											2											0											240				Material_Teacher	Material_Teacher								0																																												0																																	2539											2539											2539											2539											1											0											2539											2539											2539											2539											2539											1											0											2539				0		0			0																					4																																															
Recording062	ProVisioNET_study_108_08	Female	Novice	snapshot_material_teacher	4	snapshot_material_teacher	280	638982	0	0	0	0	0	0	0	0	0	0	0	0	0	0	0	0	0	0	0	0	0	0	0	0	0	0	0	0	0	0	0	0	0	0	0	0	0	0	0	0	0	0	0	0	0	0	0	0																																																								80											80											80											80											1											0											80				Material_Teacher									0																																												0																																	280											280											280											280											1											0											280											280											280											280											280											1											0											280				0		0			0																					0																																															
Recording062	ProVisioNET_study_108_08	Female	Novice	snapshot_material_teacher	5	snapshot_material_teacher	7156	660890	0	0	0	0	0	0	0	0	0	0	0	0	0	0	0	0	0	0	0	0	0	0	0	0	0	0	0	0	0	0	0	0	0	0	0	0	0	0	0	0	0	0	0	0	0	0	0	0																																																								1379											345											120											800											4											0											120				Material_Teacher	Material_Teacher								0																																												0																																	7156											7156											7156											7156											1											0											7156											7156											7156											7156											7156											1											0											7156				0		0			0																					2																																															
Recording062	ProVisioNET_study_108_08	Female	Novice	snapshot_material_teacher	6	snapshot_material_teacher	440	675841	0	0	0	0	0	0	0	0	0	0	0	0	0	0	0	0	0	0	0	0	0	0	0	0	0	0	0	0	0	0	0	0	0	0	0	0	0	0	0	0	0	0	0	0	0	0	0	0																																																								360											180											80											280											2											0											80				Material_Teacher	Material_Teacher								0																																												0																																	440											440											440											440											1											0											440											440											440											440											440											1											0											440				0		0			0																					1																																															
Recording062	ProVisioNET_study_108_08	Female	Novice	snapshot_material_teacher	7	snapshot_material_teacher	1459	682137	0	0	0	0	0	0	0	0	0	0	0	0	0	0	0	0	0	0	0	0	0	0	0	0	0	0	0	0	0	0	0	0	0	0	0	0	0	0	0	0	0	0	0	0	0	0	0	0																																																								1259											315											100											899											4											40											100				Material_Teacher	Material_Teacher								0																																												0																																	1459											1459											1459											1459											1											0											1459											1459											1459											1459											1459											1											0											1459				0		0			0																					3																																															
Recording062	ProVisioNET_study_108_08	Female	Novice	snapshot_material_teacher	8	snapshot_material_teacher	120	700167	0	0	0	0	0	0	0	0	0	0	0	0	0	0	0	0	0	0	0	0	0	0	0	0	0	0	0	0	0	0	0	0	0	0	0	0	0	0	0	0	0	0	0	0	0	0	0	0																																																								120											120											120											120											1											0											120				Material_Teacher	Material_Teacher								0																																												0																																	120											120											120											120											1											0											120											120											120											120											120											1											0											120				0		0			0																					0																																															
Recording062	ProVisioNET_study_108_08	Female	Novice	snapshot_material_teacher	9	snapshot_material_teacher	27184	714239	0	0	0	0	0	0	0	0	0	0	0	0	0	0	0	1	0	0	0	0	0	0	0	0	0	0	0	0	0	0	0	0	0	0	0	0	0	0	0	0	0	0	0	0	0	0	0	0																2239																																								10954											296											80											1519											37											0											1519				Material_Teacher	Material_Teacher								0																																												0																																	27184											27184											27184											27184											1											0											27184											27184											27184											27184											27184											1											0											27184				0		0			0																					32																																															
Recording062	ProVisioNET_study_108_08	Female	Novice	snapshot_material_teacher	10	snapshot_material_teacher	800	750438	0	0	0	0	0	0	0	0	0	0	0	0	0	0	0	0	0	0	0	0	0	0	0	0	0	0	0	0	0	0	0	0	0	0	0	0	0	0	0	0	0	0	0	0	0	0	0	0																																																								740											247											180											320											3											0											240				Material_Teacher	Material_Teacher								0																																												0																																	800											800											800											800											1											0											800											800											800											800											800											1											0											800				0		0			0																					2																																															
Recording062	ProVisioNET_study_108_08	Female	Novice	snapshot_material_teacher	11	snapshot_material_teacher	1019	759152	0	0	0	0	0	0	0	0	0	0	0	0	0	0	0	0	0	0	0	0	0	0	0	0	0	0	0	0	0	0	0	0	0	0	0	0	0	0	0	0	0	0	0	0	0	0	0	0																																																								979											490											180											800											2											0											800				Material_Teacher	Material_Teacher								0																																												0																																	1019											1019											1019											1019											1											0											1019											1019											1019											1019											1019											1											0											1019				0		0			0																					1																																															
Recording062	ProVisioNET_study_108_08	Female	Novice	snapshot_material_teacher	12	snapshot_material_teacher	47193	770666	0	0	0	0	0	0	0	0	0	0	0	0	0	0	0	0	0	0	0	0	0	0	0	0	0	0	0	0	0	0	0	0	0	0	0	0	0	0	0	0	0	0	0	0	0	0	0	2																																																47093								26225											514											80											1639											51											0											140				Material_Teacher	Material_Teacher								0																																												0																																	47193											47193											47193											47193											1											0											47193											47193											47193											47193											47193											1											0											47193				0		0			0																					46																																															
Recording062	ProVisioNET_study_108_08	Female	Novice	snapshot_material_teacher	13	snapshot_material_teacher	35399	826553	0	0	0	0	0	0	0	0	0	0	0	0	0	0	0	0	0	0	0	0	0	0	0	0	0	0	0	0	0	0	0	0	0	0	0	0	0	0	0	0	0	0	0	0	0	1	0	0																																														11205										18969											759											80											5317											25											0											520				Material_Teacher	Material_Teacher								0																																												0																																	35399											35399											35399											35399											1											0											35399											35399											35399											35399											35399											1											0											35399				0		0			0																					28																																															
Recording062	ProVisioNET_study_108_08	Female	Novice	snapshot_material_teacher	14	snapshot_material_teacher	2698	869948	0	0	0	0	0	0	0	0	0	0	0	0	0	0	0	0	0	0	0	0	0	0	0	0	0	0	0	0	0	0	0	0	0	0	0	0	0	0	0	0	0	0	0	0	0	0	0	0																																																								2678											1339											760											1919											2											0											760				Material_Teacher	Material_Teacher								0																																												0																																	2698											2698											2698											2698											1											0											2698											2698											2698											2698											2698											1											0											2698				0		0			0																					1																																															
Recording062	ProVisioNET_study_108_08	Female	Novice	snapshot_material_teacher	15	snapshot_material_teacher	1659	932831	0	0	0	0	0	0	0	0	0	0	0	0	0	0	0	0	0	0	0	0	0	0	0	0	0	0	0	0	0	0	0	0	0	0	0	0	0	0	0	0	0	0	0	0	0	0	0	0																																																								1019											340											100											680											3											0											680				Material_Teacher	Material_Teacher								0																																												0																																	1659											1659											1659											1659											1											0											1659											1659											1659											1659											1659											1											0											1659				0		0			0																					0																																															
Recording062	ProVisioNET_study_108_08	Female	Novice	snapshot_material_teacher	16	snapshot_material_teacher	260	943565	0	0	0	0	0	0	0	0	0	0	0	0	0	0	0	0	0	0	0	0	0	0	0	0	0	0	0	0	0	0	0	0	0	0	0	0	0	0	0	0	0	0	0	0	0	0	0	0																																																								260											260											260											260											1											0											260				Material_Teacher	Material_Teacher								0																																												0																																	260											260											260											260											1											0											260											260											260											260											260											1											0											260				0		0			0																					0																																															
Recording062	ProVisioNET_study_108_08	Female	Novice	snapshot_material_teacher	17	snapshot_material_teacher	939	977745	0	0	0	0	0	0	0	0	0	0	0	0	0	0	0	0	0	0	0	0	0	0	0	0	0	0	0	0	0	0	0	0	0	0	0	0	0	0	0	0	0	0	0	0	0	0	0	0																																																								780											260											100											340											3											0											100				Material_Teacher	Material_Teacher								0																																												0																																	939											939											939											939											1											0											939											939											939											939											939											1											0											939				0		0			0																					1																																															
Recording062	ProVisioNET_study_108_08	Female	Novice	snapshot_material_teacher	18	snapshot_material_teacher	1019	1048983	0	0	0	0	0	0	0	0	0	0	0	0	0	0	0	0	0	0	0	0	0	0	0	0	0	0	0	0	0	0	0	0	0	0	0	0	0	0	0	0	0	0	0	0	0	0	0	0																																																								800											200											80											340											4											0											140				Material_Teacher	Material_Teacher								0																																												0																																	1019											1019											1019											1019											1											0											1019											1019											1019											1019											1019											1											0											1019				0		0			0																					1																																															
Recording062	ProVisioNET_study_108_08	Female	Novice	snapshot_material_teacher	19	snapshot_material_teacher	1039	1151703	0	0	0	0	0	0	0	0	0	0	0	0	0	0	0	0	0	0	0	0	0	0	0	0	0	0	0	0	0	0	0	0	0	0	0	0	0	0	0	0	0	0	0	0	0	0	0	0																																																								839											280											80											600											3											100											80				Material_Teacher	Material_Teacher								0																																												0																																	1039											1039											1039											1039											1											0											1039											1039											1039											1039											1039											1											0											1039				0		0			0																					3																																															
Recording062	ProVisioNET_study_108_08	Female	Novice	snapshot_material_teacher	20	snapshot_material_teacher	540	1163096	0	0	0	0	0	0	0	0	0	0	0	0	0	0	0	0	0	0	0	0	0	0	0	0	0	0	0	0	0	0	0	0	0	0	0	0	0	0	0	0	0	0	0	0	0	0	0	0																																																								540											540											540											540											1											0											540				Material_Teacher	Material_Teacher								0																																												0																																	540											540											540											540											1											0											540											540											540											540											540											1											0											540				0		0			0																					0																																															
Recording062	ProVisioNET_study_108_08	Female	Novice	snapshot_material_teacher	21	snapshot_material_teacher	740	1185563	0	0	0	0	0	0	0	0	0	0	0	0	0	0	0	0	0	0	0	0	0	0	0	0	0	0	0	0	0	0	0	0	0	0	0	0	0	0	0	0	0	0	0	0	0	0	0	0																																																								440											147											120											180											3											0											140				Material_Teacher	Material_Teacher								0																																												0																																	740											740											740											740											1											0											740											740											740											740											740											1											0											740				0		0			0																					1																																															
Recording062	ProVisioNET_study_108_08	Female	Novice	snapshot_material_teacher	22	snapshot_material_teacher	13772	1221022	0	0	0	0	0	0	0	0	0	0	0	0	0	0	0	0	0	0	0	0	0	0	0	0	0	0	0	0	0	0	0	0	0	0	0	0	0	0	0	0	0	0	0	0	0	0	0	0																																																								6576											346											100											879											19											0											220				Material_Teacher	Material_Teacher								0																																												0																																	13772											13772											13772											13772											1											0											13772											13772											13772											13772											13772											1											0											13772				0		0			0																					17																																															
Recording062	ProVisioNET_study_108_08	Female	Novice	snapshot_material_teacher	23	snapshot_material_teacher	51390	1241350	0	0	0	0	0	0	0	0	0	0	0	0	0	0	0	0	1	1	1	0	0	0	0	0	0	0	0	0	0	0	0	0	0	0	0	0	1	0	0	0	0	0	0	0	0	0	0	0																	44629	19980	14629																		18184																			22587											502											60											1879											45											0											120				Material_Teacher	Material_Teacher								0																																												0																																	51390											51390											51390											51390											1											0											51390											51390											51390											51390											51390											1											0											51390				0		0			0																					48																																															
Recording062	ProVisioNET_study_108_08	Female	Novice	snapshot_material_teacher	24	snapshot_material_teacher	43474	1303314	0	0	0	0	0	0	0	0	0	0	0	0	0	0	0	0	0	0	0	0	0	1	0	0	0	0	0	0	0	0	0	0	0	0	0	0	0	0	0	0	0	0	0	0	0	0	0	0																						42118																																		21287											926											80											3718											23											0											120				Material_Teacher	Material_Teacher								0																																												0																																	43474											43474											43474											43474											1											0											43474											43474											43474											43474											43474											1											0											43474				0		0			0																					20																																															
Recording062	ProVisioNET_study_108_08	Female	Novice	snapshot_material_teacher	25	snapshot_material_teacher	18929	1354244	0	0	0	0	0	0	0	0	0	0	0	0	0	0	0	0	0	0	0	0	0	0	0	0	0	0	0	0	0	0	0	0	0	0	0	0	0	0	0	0	0	0	0	0	0	0	0	0																																																								9195											1314											260											2698											7											0											260				Material_Teacher	Material_Teacher								0																																												0																																	18929											18929											18929											18929											1											0											18929											18929											18929											18929											18929											1											0											18929				0		0			0																					8																																															
Recording062	ProVisioNET_study_108_08	Female	Novice	snapshot_material_teacher	26	snapshot_material_teacher	7875	1381448	0	0	0	0	0	0	0	0	0	0	0	0	0	0	0	0	0	0	0	0	0	0	0	0	0	0	0	0	0	0	0	0	0	0	0	0	0	0	0	0	0	0	0	0	0	0	0	0																																																								3758											342											80											979											11											0											80				Material_Teacher	Material_Teacher								0																																												0																																	7875											7875											7875											7875											1											0											7875											7875											7875											7875											7875											1											0											7875				0		0			0																					6																																															
Recording062	ProVisioNET_study_108_08	Female	Novice	snapshot_material_teacher	27	snapshot_material_teacher	3778	1406753	0	0	0	0	0	0	0	0	0	0	0	0	0	0	0	0	0	0	0	0	0	0	0	0	0	0	0	0	0	0	0	0	0	0	0	0	0	0	0	0	0	0	0	0	0	0	0	0																																																								3558											712											300											1379											5											0											440				Material_Teacher	Material_Teacher								0																																												0																																	3778											3778											3778											3778											1											0											3778											3778											3778											3778											3778											1											0											3778				0		0			0																					3																																															
Recording062	ProVisioNET_study_108_08	Female	Novice	snapshot_material_teacher	28	snapshot_material_teacher	3378	1418246	0	0	0	0	0	0	0	0	0	0	0	0	0	0	0	0	0	0	0	0	0	0	0	0	0	0	0	0	0	0	0	0	0	0	0	0	0	0	0	0	0	0	0	0	0	0	0	0																																																								3338											1113											120											2039											3											0											120				Material_Teacher	Material_Teacher								0																																												0																																	3378											3378											3378											3378											1											0											3378											3378											3378											3378											3378											1											0											3378				0		0			0																					2																																															
Recording062	ProVisioNET_study_108_08	Female	Novice	snapshot_material_teacher	29	snapshot_material_teacher	3778	1428560	0	0	0	0	0	0	0	0	0	0	0	0	0	0	0	0	0	0	0	0	0	0	0	0	0	0	0	0	0	0	0	0	0	0	0	0	0	0	0	0	0	0	0	0	0	0	0	0																																																								3758											1879											260											3498											2											0											3498				Material_Teacher	Material_Teacher								0																																												0																																	3778											3778											3778											3778											1											0											3778											3778											3778											3778											3778											1											0											3778				0		0			0																					1																																															
Recording062	ProVisioNET_study_108_08	Female	Novice	snapshot_material_teacher	30	snapshot_material_teacher	2558	1452926	0	0	0	0	0	0	0	0	0	0	0	0	0	0	0	0	0	0	0	0	0	0	0	0	0	0	0	0	0	0	0	0	0	0	0	0	0	0	0	0	0	0	0	0	0	0	0	0																																																								2299											575											120											1879											4											100											180				Material_Teacher	Material_Teacher								0																																												0																																	2558											2558											2558											2558											1											0											2558											2558											2558											2558											2558											1											0											2558				0		0			0																					2																																															
Recording062	ProVisioNET_study_108_08	Female	Novice	snapshot_material_teacher	31	snapshot_material_teacher	24246	1476812	0	0	0	0	0	0	0	0	0	0	0	0	0	0	0	0	0	0	0	0	0	0	0	0	0	0	0	0	0	0	0	0	0	0	0	0	0	0	0	0	0	0	0	0	0	0	0	0																																																								13332											1026											100											3718											13											0											120				Material_Teacher	Material_Teacher								0																																												0																																	24246											24246											24246											24246											1											0											24246											24246											24246											24246											24246											1											0											24246				0		0			0																					9																																															
Recording062	ProVisioNET_study_108_08	Female	Novice	snapshot_material_teacher	32	snapshot_material_teacher	10174	1508313	0	0	0	0	0	0	0	0	0	0	0	0	0	0	0	0	0	0	0	0	0	0	0	0	0	0	0	0	0	0	0	0	0	0	0	0	0	0	0	0	0	0	0	0	0	0	0	0																																																								6216											888											80											3078											7											0											3078				Material_Teacher	Material_Teacher								0																																												0																																	10174											10174											10174											10174											1											0											10174											10174											10174											10174											10174											1											0											10174				0		0			0																					6																																															
Recording062	ProVisioNET_study_108_08	Female	Novice	snapshot_material_teacher	33	snapshot_material_teacher	7196	1527062	0	0	0	0	0	0	0	0	0	0	0	0	0	0	0	0	0	0	0	0	0	0	0	0	0	0	0	0	0	0	0	0	0	0	0	0	0	0	0	0	0	0	0	0	0	0	0	0																																																								5097											463											140											1759											11											0											280				Material_Teacher	Material_Teacher								0																																												0																																	7196											7196											7196											7196											1											0											7196											7196											7196											7196											7196											1											0											7196				0		0			0																					10																																															
Recording062	ProVisioNET_study_108_08	Female	Novice	snapshot_material_teacher	34	snapshot_material_teacher	2539	1552687	0	0	0	0	0	0	0	0	0	0	0	0	0	0	0	0	0	0	0	0	0	0	0	0	0	0	0	0	0	0	0	0	0	0	0	0	0	0	0	0	0	0	0	0	0	0	0	0																																																								1959											218											80											700											9											0											180				Material_Teacher	Material_Teacher								0																																												0																																	2539											2539											2539											2539											1											0											2539											2539											2539											2539											2539											1											0											2539				0		0			0																					7																																															
Recording062	ProVisioNET_study_108_08	Female	Novice	snapshot_material_teacher	35	snapshot_material_teacher	1019	1572435	0	0	0	0	0	0	0	0	0	0	0	0	0	0	0	0	0	0	0	0	0	0	0	0	0	0	0	0	0	0	0	0	0	0	0	0	0	0	0	0	0	0	0	0	0	0	0	0																																																								700											233											80											500											3											0											120				Material_Teacher	Material_Teacher								0																																												0																																	1019											1019											1019											1019											1											0											1019											1019											1019											1019											1019											1											0											1019				0		0			0																					0																																															
Recording062	ProVisioNET_study_108_08	Female	Novice	snapshot_material_teacher	36	snapshot_material_teacher	240	1597480	0	0	0	0	0	0	0	0	0	0	0	0	0	0	0	0	0	0	0	0	0	0	0	0	0	0	0	0	0	0	0	0	0	0	0	0	0	0	0	0	0	0	0	0	0	0	0	0																																																								140											140											140											140											1											100											140				Material_Teacher	Material_Teacher								0																																												0																																	240											240											240											240											1											0											240											240											240											240											240											1											0											240				0		0			0																					1																																															
<<<<<<< Updated upstream
Recording062	ProVisioNET_study_108_08	Female	Novice	snapshot_students	1	snapshot_students	919	545636	0	0	0	0	0	0	0	0	0	0	0	0	0	0	0	0	0	0	0	0	0	0	0	0	0	0	0	0	0	0	0	0	0	0	0	0	0	0	0	0	0	0	0	0	0	0	0	0																																																	140	380		0								140	380										140	380										140	380										1	1		0								0	540										140	380										Bianca	Bianca	0	0		0																																									0	0		0																														140	380		0								140	380										140	380										140	380										1	1		0								0	540										140	380										140	380		0								140	380										140	380										140	380										1	1		0								0	540										140	380										0		0			0														0	0		0									500										140												168,45										185,77										
Recording062	ProVisioNET_study_108_08	Female	Novice	snapshot_students	2	snapshot_students	111016	553712	0	0	0	0	0	0	0	0	0	0	0	0	0	0	0	0	0	0	0	0	0	0	0	0	0	0	0	0	0	0	0	0	0	0	0	0	0	0	0	0	0	0	0	0	0	0	0	0																																																	24486	19968		14292								480	327		242								80	80		80								1559	2059		879								51	61		59								0	460		2119								240	100		100								Carl(a)	Carl(a)	0	0		0																																									0	0		0																														38698	25925		32161								4837	2357		5360								240	100		100								21328	15551		29823								8	11		6								0	460		2119								240	100		100								38698	25925		32161								4837	2357		5360								240	100		100								21328	15551		29823								8	11		6								0	460		2119								240	100		100								0		0			0														14	17		12								29603	13092		36759								21568	22267		7296								194,09	564,4		310,82								486,62	300,37		499,66							
Recording062	ProVisioNET_study_108_08	Female	Novice	snapshot_students	3	snapshot_students	2079	676341	0	0	0	0	0	0	0	0	0	0	0	0	0	0	0	0	0	0	0	0	0	0	0	0	0	0	0	0	0	0	0	0	0	0	0	0	0	0	0	0	0	0	0	0	0	0	0	0																																																	899	140		520								450	140		520								140	140		520								760	140		520								2	1		1								959	580		0								760	140		520								Anna	Anna	760	0		0								760											760											760											1	0		0								959											760											1119	140		520								1119	140		520								1119	140		520								1119	140		520								1	1		1								959	580		0								1119	140		520								1159	140		520								1159	140		520								1159	140		520								1159	140		520								1	1		1								919	580		0								1159	140		520								760	760	1	760	4,02744	0														0	0		0																																																			
Recording062	ProVisioNET_study_108_08	Female	Novice	snapshot_students	4	snapshot_students	939	683656	0	0	0	0	0	0	0	0	0	0	0	0	0	0	0	0	0	0	0	0	0	0	0	0	0	0	0	0	0	0	0	0	0	0	0	0	0	0	0	0	0	0	0	0	0	0	0	0																																																	919	0		0								919											919											919											1	0		0								0											919											Anna		0	0		0																																									0	0		0																														939	0		0								939											939											939											1	0		0								0											939											939	0		0								939											939											939											1	0		0								0											939											0		0			0														0	0		0																																																			
Recording062	ProVisioNET_study_108_08	Female	Novice	snapshot_students	5	snapshot_students	8395	700387	0	0	0	0	0	0	0	0	0	0	0	0	0	0	0	0	0	0	0	0	0	0	0	0	0	0	0	0	0	0	0	0	0	0	0	0	0	0	0	0	0	0	0	0	0	0	0	0																																																	3178	80		600								454	80		300								80	80		300								1159	80		300								7	1		2								0	7316		959								300	80		300								Anna	Anna	0	0		0																																									0	0		0																														3478	80		700								1159	80		700								780	80		700								1799	80		700								3	1		1								0	7316		959								899	80		700								3478	80		700								1159	80		700								780	80		700								1799	80		700								3	1		1								0	7316		959								899	80		700								0		0			0														2	0		0								1659	7276		899								899			1659								363,71	335,42		386,4								386,4			363,71							
Recording062	ProVisioNET_study_108_08	Female	Novice	snapshot_students	6	snapshot_students	5417	718096	0	0	0	0	0	0	0	0	0	0	0	0	0	0	0	0	0	0	0	0	0	0	0	0	0	0	0	0	0	0	0	0	0	0	0	0	0	0	0	0	0	0	0	0	0	0	0	0																																																	899	0		0								225											80											400											4	0		0								0											80											Anna	Anna	0	0		0																																									0	0		0																														5417	0		0								5417											5417											5417											1	0		0								0											5417											5417	0		0								5417											5417											5417											1	0		0								0											5417											0		0			0														6	0		0																																																			
Recording062	ProVisioNET_study_108_08	Female	Novice	snapshot_students	7	snapshot_students	100	732428	0	0	0	0	0	0	0	0	0	0	0	0	0	0	0	0	0	0	0	0	0	0	0	0	0	0	0	0	0	0	0	0	0	0	0	0	0	0	0	0	0	0	0	0	0	0	0	0																																																	0	0		100											100											100											100								0	0		1											0											100								Carl(a)	Carl(a)	0	0		0																																									0	0		0																														0	0		100											100											100											100								0	0		1											0											100								0	0		100											100											100											100								0	0		1											0											100								0		0			0														0	0		0																																																			
Recording062	ProVisioNET_study_108_08	Female	Novice	snapshot_students	8	snapshot_students	31981	737985	0	0	0	0	0	0	0	0	0	0	0	0	0	1	1	0	0	0	0	0	0	0	0	0	0	0	0	0	0	0	0	0	0	0	0	0	0	0	0	0	0	0	0	0	0	0	0	0														8492	8492																																		11014	10194		0								847	1019										80	80										2578	4317										13	10		0								700	0										520	660										Bianca		0	0		0																																									0	0		0																														19309	10294		0								4827	2059										2379	660										9215	4317										4	5		0								700	0										3538	660										19389	10294		0								4847	2059										2419	660										9215	4317										4	5		0								700	0										3538	660										0		0			0														10	5		0								660	8655										8655	660										296,18	608,74										608,74	296,18									
Recording062	ProVisioNET_study_108_08	Female	Novice	snapshot_students	9	snapshot_students	919	777322	0	0	0	0	0	0	0	0	0	0	0	0	0	0	0	0	0	0	0	0	0	0	0	0	0	0	0	0	0	0	0	0	0	0	0	0	0	0	0	0	0	0	0	0	0	0	0	0																																																	919	0		0								919											919											919											1	0		0								0											919											Anna	Anna	0	0		0																																									0	0		0																														919	0		0								919											919											919											1	0		0								0											919											919	0		0								919											919											919											1	0		0								0											919											0		0			0														0	0		0																																																			
Recording062	ProVisioNET_study_108_08	Female	Novice	snapshot_students	10	snapshot_students	6016	784118	0	0	0	0	0	0	0	0	0	0	0	0	0	0	0	0	0	0	0	0	0	0	0	0	0	0	0	0	0	0	0	0	0	0	0	0	0	0	0	0	0	0	0	0	0	0	0	0																																																	1519	1539		0								253	1539										80	1539										600	1539										6	1		0								0	4218										140	1539										Anna	Anna	0	0		0																																									0	0		0																														1759	1539		0								879	1539										200	1539										1559	1539										2	1		0								0	4218										1559	1539										1759	1539		0								879	1539										200	1539										1559	1539										2	1		0								0	4218										1559	1539										0		0			0														2	0		0								5757												5757										380,23												380,23									
Recording062	ProVisioNET_study_108_08	Female	Novice	snapshot_students	11	snapshot_students	1159	796071	0	0	0	0	0	0	0	0	0	0	0	0	0	0	0	0	0	0	0	0	0	0	0	0	0	0	0	0	0	0	0	0	0	0	0	0	0	0	0	0	0	0	0	0	0	0	0	0																																																	380	680		0								190	680										80	680										300	680										2	1		0								0	480										80	680										Bianca	Bianca	0	0		0																																									0	0		0																														400	680		0								400	680										400	680										400	680										1	1		0								0	480										400	680										400	680		0								400	680										400	680										400	680										1	1		0								0	480										400	680										0		0			0														1	0		0									420																						468,72																				
Recording062	ProVisioNET_study_108_08	Female	Novice	snapshot_students	12	snapshot_students	1119	805805	0	0	0	0	0	0	0	0	0	0	0	0	0	0	0	0	0	0	0	0	0	0	0	0	0	0	0	0	0	0	0	0	0	0	0	0	0	0	0	0	0	0	0	0	0	0	0	0																																																	0	220		560									220		140									220		80									220		220								0	1		4									0		340									220		180								Carl(a)	Carl(a)	0	0		0																																									0	0		0																														0	220		780									220		780									220		780									220		780								0	1		1									0		340									220		780								0	220		780									220		780									220		780									220		780								0	1		1									0		340									220		780								0		0			0														0	0		1																																																			
Recording062	ProVisioNET_study_108_08	Female	Novice	snapshot_students	13	snapshot_students	6516	818138	0	0	0	0	0	0	0	0	0	0	0	0	0	0	0	0	0	0	0	0	0	0	0	0	0	0	0	0	0	0	0	0	0	0	0	0	0	0	0	0	0	1	0	0	0	0	0	0																																										4638							2419	2219		300								605	247		300								80	80		300								1939	520		300								4	9		1								0	220		800								140	520		300								Anna	Anna	0	0		0																																									0	0		0																														2459	3418		300								820	1139		300								140	320		300								1939	2578		300								3	3		1								0	220		800								140	520		300								2459	3418		300								820	1139		300								140	320		300								1939	2578		300								3	3		1								0	220		800								140	520		300								0		0			0														0	1		0								1499	1099		740								3458	740		1099								126,32	403,68		433,03								323,75	433,03		403,68							
Recording062	ProVisioNET_study_108_08	Female	Novice	snapshot_students	14	snapshot_students	5037	835968	0	0	0	0	0	0	0	0	0	0	0	0	0	0	0	0	0	0	0	0	0	0	0	0	0	0	0	0	0	0	0	0	0	0	0	0	0	0	0	0	0	0	0	0	0	1	0	0																																														1790			839	900		840								210	225		840								80	80		840								420	380		840								4	4		1								0	220		640								160	380		840								Anna	Anna	0	0		0																																									0	0		0																														859	919		840								286	306		840								160	260		840								520	380		840								3	3		1								0	220		640								160	380		840								859	919		840								286	306		840								160	260		840								520	380		840								3	3		1								0	220		640								160	380		840								0		0			0														1	1		0									160		600								160	600		1479									351,25		364,01								351,25	364,01		470,79							
Recording062	ProVisioNET_study_108_08	Female	Novice	snapshot_students	15	snapshot_students	206519	853997	0	0	0	0	0	0	0	0	0	0	0	0	0	0	0	0	0	0	0	0	0	0	1	1	1	0	0	0	0	0	1	1	1	0	0	0	0	0	1	1	0	0	0	0	0	0	0	0																							160884	135727	130884						71496	71711	41496						135305	67840									47672	59205		38018								513	553		535								80	80		80								4757	3378		3678								93	107		71								0	4477		12573								899	1579		160								Bianca	Bianca	0	0		0																																									0	0		0																														68020	75896		47652								8503	5838		6807								80	100		400								56187	40676		26944								8	13		7								0	4477		12573								4417	1579		1459								68020	75936		47652								8503	5841		6807								80	120		400								56187	40676		26944								8	13		7								0	4477		12573								4417	1579		1459								0		0			0														31	38		22								8975	4417		12513								4417	12513										297,21	429,15		455,39								429,15	455,39									
Recording062	ProVisioNET_study_108_08	Female	Novice	snapshot_students	16	snapshot_students	92566	1065793	0	0	0	0	0	0	0	0	0	0	1	1	1	0	0	0	0	0	0	0	0	0	0	0	0	0	0	0	0	0	0	0	0	0	1	0	0	0	0	0	0	0	0	0	0	0	0	0											39296	20576	9296																						19650														30862	17850		8435								468	350		527								80	80		80								1899	2059		1419								66	51		16								0	52169		19049								220	480		380								Carl(a)	Carl(a)	0	0		0																																									0	0		0																														44434	32621		10234								14811	32621		3411								1759	32621		2019								24166	32621		5337								3	1		3								0	52169		19049								18509	32621		2878								44434	32621		10274								14811	32621		3425								1759	32621		2019								24166	32621		5337								3	1		3								0	52169		19009								18509	32621		2918								0		0			0														24	13		3																						21927																						238,33							
Recording062	ProVisioNET_study_108_08	Female	Novice	snapshot_students	17	snapshot_students	10534	1163856	0	0	0	0	0	0	0	0	0	0	0	0	0	0	0	0	0	0	0	0	0	0	0	0	0	0	0	0	0	0	0	0	0	0	0	0	0	0	0	0	1	0	0	1	1	0	0	0																																									3312			4497	1556				3438	0		560								215			280								100			100								540			460								16	0		2								2279			0								200			100								Anna	Anna	0	0		0																																									0	0		0																														8255	0		2019								8255			2019								8255			2019								8255			2019								1	0		1								2279			0								8255			2019								8255	0		2019								8255			2019								8255			2019								8255			2019								1	0		1								2279			0								8255			2019								0		0			0														2	0		0																																																			
Recording062	ProVisioNET_study_108_08	Female	Novice	snapshot_students	18	snapshot_students	39717	1181166	0	0	0	0	0	0	0	0	0	0	0	0	0	0	0	0	0	0	0	0	0	0	0	0	0	0	0	0	0	0	0	0	0	0	0	0	0	0	0	0	0	0	1	0	0	0	0	0																																											14246						8175	19409		2998								629	1617		750								80	80		100								2039	6396		1859								13	12		4								0	680		27644								400	80		300								Anna	Anna	0	0		0																																									0	0		0																														10314	20948		3198								2063	4190		3198								400	1499		3198								4737	7116		3198								5	5		1								0	680		27644								400	1499		3198								10314	20948		3238								2063	4190		3238								400	1499		3238								4737	7116		3238								5	5		1								0	680		27604								400	1499		3238								0		0			0														3	3		0								17909	30842											38018		30842								432,54	625,86											496,43		625,86							
Recording062	ProVisioNET_study_108_08	Female	Novice	snapshot_students	19	snapshot_students	17909	1228298	0	0	0	0	0	0	0	0	0	0	0	0	0	0	0	0	0	0	0	0	0	0	0	0	0	0	0	0	0	0	0	0	0	0	0	0	0	0	0	0	0	0	0	0	0	0	0	0																																																	2359	4437		440								393	493		147								80	80		120								740	1179		180								6	9		3								999	0		10294								300	680		180								Bianca	Bianca	0	0		0																																									0	0		0																														2419	4897		500								806	1224		500								300	420		500								1259	2918		500								3	4		1								999	0		10294								300	680		500								2419	4897		500								806	1224		500								300	420		500								1259	2918		500								3	4		1								999	0		10294								300	680		500								0		0			0														1	5		2																			1299			10794																			261			214,06							
Recording062	ProVisioNET_study_108_08	Female	Novice	snapshot_students	20	snapshot_students	5437	1256961	0	0	0	0	0	0	0	0	0	0	0	0	0	0	0	0	0	1	0	0	0	0	0	0	0	0	0	0	0	0	0	0	0	0	0	0	1	0	0	0	0	0	0	0	0	0	0	0																		4370																			2573												620	2878		0								620	576										620	120										620	2119										1	5		0								720	0										620	120										Bianca	Bianca	0	0		0																																									0	0		0																														620	4637		0								620	2319										620	600										620	4038										1	2		0								720	0										620	600										620	4637		0								620	2319										620	600										620	4038										1	2		0								720	0										620	600										0		0			0														0	4		0									1339										1339												430,06										430,06										
Recording062	ProVisioNET_study_108_08	Female	Novice	snapshot_students	21	snapshot_students	3458	1280827	0	0	0	0	0	0	0	0	0	0	0	0	0	0	0	0	0	0	0	0	0	0	0	0	0	0	0	0	0	0	0	0	0	0	0	0	0	0	0	0	0	0	0	0	0	0	0	0																																																	1279	1259		380								640	420		127								580	360		80								700	480		200								2	3		3								0	760		1299								700	480		200								Carl(a)	Carl(a)	0	0		0																																									0	0		0																														1279	1259		480								640	420		240								580	360		200								700	480		280								2	3		2								0	760		1299								700	480		200								1279	1259		480								640	420		240								580	360		200								700	480		280								2	3		2								0	760		1299								700	480		200								0		0			0														0	0		0								1999	700		1239								700	1239		1499								499,58	513,6		537,88								513,6	537,88		527,61							
Recording062	ProVisioNET_study_108_08	Female	Novice	snapshot_students	22	snapshot_students	13572	1293260	0	0	0	0	0	0	0	0	0	0	0	0	0	0	0	0	0	0	0	0	0	0	0	0	0	0	0	0	0	0	0	0	0	0	0	0	0	0	0	0	0	0	0	0	0	0	0	0																																																	8555	1699		0								1711	849										580	600										3878	1099										5	2		0								40	2359										1459	600										Anna		0	0		0																																									0	0		0																														10414	1699		0								3471	849										1419	600										7536	1099										3	2		0								40	2359										1459	600										10454	1699		0								3485	849										1419	600										7536	1099										3	2		0								0	2359										1499	600										0		0			0														0	0		0								2958											1499	2958										475,14											234,62	475,14									
Recording062	ProVisioNET_study_108_08	Female	Novice	snapshot_students	23	snapshot_students	24206	1312289	0	0	0	0	0	0	0	0	0	0	0	0	0	0	0	0	0	0	0	0	0	0	0	0	0	0	0	0	0	0	0	0	0	0	0	0	0	0	0	0	0	0	0	0	0	0	0	0																																																	5137	2798		3858								1712	700		386								1039	80		80								2818	2199		959								3	4		10								11713	0		5297								1279	2199		80								Carl(a)	Carl(a)	0	0		0																																									0	0		0																														9414	2958		4417								9414	1479		2209								9414	400		2139								9414	2558		2279								1	2		2								11713	0		5297								9414	2558		2279								9414	2958		4417								9414	1479		2209								9414	400		2139								9414	2558		2279								1	2		2								11713	0		5297								9414	2558		2279								0		0			0														1	1		4																																																			
Recording062	ProVisioNET_study_108_08	Female	Novice	snapshot_students	24	snapshot_students	42295	1341531	0	0	0	0	0	0	0	0	0	0	0	0	0	0	0	0	0	0	0	1	1	1	0	0	0	0	0	0	0	0	0	0	0	0	0	0	0	1	0	0	0	0	0	0	0	0	0	0																				33901	8741	3901																6657											10854	7176		1219								472	598		244								80	80		80								2339	1859		580								23	12		5								5577	0		17590								80	80		80								Anna	Anna	0	0		0																																									0	0		0																														15991	7616		2299								3998	1904		1149								320	320		600								6956	3798		1699								4	4		2								5577	0		17590								6956	2079		1699								15991	7616		2299								3998	1904		1149								320	320		600								6956	3798		1699								4	4		2								5577	0		17590								6956	2079		1699								0		0			0														10	6		0											34939									34939													490,16									490,16									
Recording062	ProVisioNET_study_108_08	Female	Novice	snapshot_students	25	snapshot_students	137379	1389463	0	0	0	0	0	0	0	1	1	1	0	0	0	0	0	0	0	0	0	0	0	0	0	0	0	0	0	0	0	0	0	0	0	1	0	0	0	0	0	0	0	0	0	0	0	0	0	0								76093	52196	46093																								51332															50230	14511		10134								707	660		596								80	80		80								3198	2059		1799								71	22		17								0	22007		22427								200	340		1279								Bianca	Bianca	0	0		0																																									0	0		0																														73597	15811		11113								8177	1216		1235								340	140		80								21947	3098		1939								9	13		9								0	22007		22427								21947	340		1279								73597	15811		11153								8177	1216		1239								340	140		80								21947	3098		1939								9	13		9								0	22007		22427								21947	340		1279								0		0			0														28	5		6								70858	21947		22347								21947	22347		23706								321,58	422,11		471,93								422,11	471,93		552,27							
Recording062	ProVisioNET_study_108_08	Female	Novice	snapshot_students	26	snapshot_students	66321	1535177	0	0	0	0	0	0	0	0	0	0	0	0	0	0	0	0	0	0	0	0	0	0	0	0	0	0	0	0	0	0	0	0	0	0	0	0	0	0	0	0	0	0	0	0	0	0	0	0																																																	27424	6996		17769								1613	777		846								80	300		100								5037	1839		4457								17	9		21								1759	0		9674								4657	780		320								Carl(a)	Carl(a)	0	0		0																																									0	0		0																														32321	7516		19968								10774	1503		4992								2339	300		180								22607	4118		18049								3	5		4								1759	0		9674								7376	1699		460								32321	7516		19968								10774	1503		4992								2339	300		180								22607	4118		18049								3	5		4								1759	0		9674								7376	1699		460								0		0			0														12	0		11								1699	9135		59025								9135	1699		59225								484,13	467,96		274,99								467,96	484,13		615,86							
Recording062	ProVisioNET_study_108_08	Female	Novice	Entire Recording	1	fullstream	1751888	0	0	1	1	1	1	1	1	1	1	1	1	1	1	1	1	1	1	1	1	1	1	1	1	1	1	1	1	1	1	1	1	1	1	1	1	0	1	1	1	1	1	1	1	1	1	1	1	2		549141	542817	519141	1664719	1660634	1634719	1465556	1441659	1435556	1105089	1086370	1075089	746477	746477	716477	1285979	1261331	1255979	1375432	1350272	1345432	1014881	989724	984881	1602847	544497	1722020	1740284	1692020	925493	925709	895493	1440795	1085443		1259534	1348189	989302	921838	1167168	822776	1195412	1168353	1165412	837758	825102	817758	244218	174538	18709	101021	79973	37618	2239	173738	1559	1379	360	593	535	398	457	272	392	204	543	173	197	360	80	80	80	80	80	80	80	60	80	80	360	5037	6396	1339	4457	2339	2119	500	5317	320	380	360	412	326	47	221	294	96	11	320	9	7	1	545636	546176	551113	555830	544877	732428	743382	552832	590930	563946	1151183	140	380	180	100	400	100	200	80	140	120	360	Classroom_Others		760	0	0	0	0	0	0	0	0	0	0	760											760											760											1	0	0	0	0	0	0	0	0	0	0	677300											760											274179	196225	22267	117191	107057	43954	2279	191328	1579	1399	360	1735	1545	2024	1429	622	1465	253	1894	197	233	360	80	80	80	80	80	100	80	80	80	80	360	16830	10814	7616	19249	5137	15491	660	10254	320	380	360	158	127	11	82	172	30	9	101	8	6	1	545636	546176	551113	555830	544877	732428	743382	552832	590930	563946	1151183	140	380	180	100	720	100	660	340	260	280	360	279476	201342	22667	119670	112354	45014	2519	194546	1859	1599	380	1769	1585	2061	1459	653	1500	280	1926	232	267	380	80	100	140	100	80	120	80	80	80	100	380	16870	10814	7676	19269	5137	15511	720	10294	360	400	380	158	127	11	82	172	30	9	101	8	6	1	545616	546136	551053	555771	544837	732408	743322	552732	590850	563906	1151163	160	420	240	160	760	120	720	440	340	320	380	762455	407	1872	200	4,33737	1068	229,94	100,03	1061,99	122,11	8,2	0,52	31,21	8757,2	3688	275,36	138,25	138,25	2,9	52	63	24	35	56	19	1	157	1	1	0	545616	546136	668725	590470	544837	743322	743322	561007	869008	575979	1151163	545776	546556	679699	561007	546136	818878	884559	590470	869368	576199		212,34	168,45	129,84	310,82	196,08	410,69	410,69	499,66	331,93	300,37	124,74	185,77	463,73	133,09	499,66	168,45	433,03	256,77	310,82	292,76	128,69	
Recording064	ProVisioNET_study_109_01	Male	Novice	Calibration_phase1	1	fullstream	13446	437715	0	0	0	1	0	0	0	0	0	0	0	0	0	0	0	0	0	0	0	0	0	0	0	0	0	0	0	0	0	0	0	0	0	0	0	0	0	0	0	0	0	0	0	0	0	0	0	0				0																																																																																																																																																																																																																																																																																																																																																																			10954	498	22	280	6,32467	15	284,18	134,19	529,54	137,1	7,97	2,36	20,18	119,51	363	329,07	357,99	279,16	20,18																																																							
Recording064	ProVisioNET_study_109_01	Male	Novice	Calibration_phase2	1	fullstream	12806	1559238	0	0	0	0	0	0	1	0	0	0	0	0	0	0	0	0	0	0	0	0	0	0	0	0	0	0	0	0	0	0	0	0	0	0	0	0	0	0	0	0	0	0	0	0	0	0	0	0							0																																																																																																																																																																																																																																																																																																																																																																7016	780	9	1139	5,98667	8	224,23	128,2	381,66	73,15	9,46	6,03	16,75	75,66	3597	166,56	381,66	381,66	7,52																																																							
Recording064	ProVisioNET_study_109_01	Male	Novice	Calibration_phase2_fix	1	fullstream	30000	1559238	0	0	0	0	0	1	1	0	0	0	0	0	0	0	0	0	0	0	0	0	0	0	0	0	0	0	0	0	0	0	0	0	0	0	0	0	0	0	0	0	0	0	0	0	0	0	0	0						12806	0																																																																																																																																																																																																																																																																																																																																																																15751	656	24	1139	6,08723	20	210,75	114,65	399,56	82,16	9,32	3,7	23,7	186,48	3597	166,56	381,66	381,66	7,52																																																							
Recording064	ProVisioNET_study_109_01	Male	Novice	Chatting_with_neighbour	1	fullstream	4732	1343891	0	0	0	0	0	0	0	0	0	1	0	0	0	0	0	0	0	0	0	0	0	0	0	0	0	0	0	0	0	0	0	0	0	1	0	0	0	0	0	0	0	0	0	0	0	0	0	0										0																								3934															500	3733		0		4073	340					500	1866				1358	340					500	1459				340	340					500	2273				2273	340					1	2		0		3	1					2333	0				0	2893					500	2273				2273	340					Bianca,Disruptive_Person	Bianca,Disruptive_Person	0	0		0		0	0																																						0	0		0		0	0																											500	3733		0		4112	340					500	1866				2056	340					500	1459				1839	340					500	2273				2273	340					1	2		0		2	1					2333	0				0	2893					500	2273				2273	340					560	3773		0		4172	400					560	1886				2086	400					560	1499				1899	400					560	2273				2273	400					1	2		0		2	1					2273	0				0	2833					560	2273				2273	400					840	420	2	500	4,41477	3	357,95	240,58	478,92	119,21	16,13	9,14	23,28	48,39	2273	169,72	354,36	255,23	15,97	0	0		0		1	0					2273	3233				2833	2833					2833	2273				2273	3233					354,36	240,58				478,92	478,92					478,92	354,36				354,36	240,58				
Recording064	ProVisioNET_study_109_01	Male	Novice	Chatting_with_neighbour_fix	1	fullstream	30000	1343891	0	0	0	0	0	0	0	0	1	1	0	0	0	0	0	0	0	0	0	0	0	0	0	0	0	0	0	0	0	0	0	0	0	1	0	0	0	0	0	0	0	0	0	0	0	0	0	0									4732	0																								3934															1842	16725	2239	440	1459	4532	2159			200		614	1520	448	440	208	1511	270			200		300	400	160	440	100	340	100			200		1043	2918	660	440	360	2273	460			200		3	11	5	1	7	3	8			1		2333	0	21722	27878	10608	0	2893			10349		500	2273	600	440	100	2273	340			200		Anna	Anna	0	0	0	0	0	0	0			0																																			0	0	0	0	0	0	0			0																								1842	17005	2279	440	2019	4572	2419			200		614	1700	760	440	673	2286	403			200		300	400	580	440	100	2273	100			200		1043	2918	1099	440	1599	2299	999			200		3	10	3	1	3	2	6			1		2333	0	21722	27878	10608	0	2893			10349		500	2273	600	440	100	2273	340			200		1982	17424	2419	500	2159	4632	2658			240		661	1742	806	500	720	2316	443			240		320	440	620	500	160	2273	140			240		1103	2998	1159	500	1639	2359	1039			240		3	10	3	1	3	2	6			1		2273	0	21682	27818	10549	0	2833			10309		560	2273	640	500	160	2273	400			240		20788	650	32	500	4,42164	21	271,1	153,49	478,92	90,08	11,02	1,25	23,65	231,36	2273	169,72	354,36	255,23	15,97	0	0	2	0	3	1	1			0		2273	3233		27818	10549	2833	2833			10309		2833	2273		28318	10708	2273	3233			10549		354,36	240,58		418,79	297,02	478,92	478,92			203,17		478,92	354,36		175,33	153,49	354,36	240,58			297,02	
Recording064	ProVisioNET_study_109_01	Male	Novice	Clicking_pen	1	fullstream	7773	1162908	0	0	0	0	0	0	0	0	0	0	0	0	1	0	0	0	0	0	0	0	0	0	0	0	0	0	0	0	0	0	0	0	0	0	1	0	0	0	0	0	0	0	0	0	0	0	0	0													0																						5990														0	0		5002	452	5035	340			200					1251	113	1007	340			200					260	33	33	340			200					3403	220	3403	340			200		0	0		4	4	5	1			1					0	5402	0	4882			5522					3403	80	3403	340			200		Classroom_Others,Disruptive_Person	Classroom_Others,Disruptive_Person	0	0		0	0	0	0			0																																			0	0		0	0	0	0			0																								0	0		5602	472	6074	340			200					2801	157	3037	340			200					740	33	1212	340			200					4862	360	4862	340			200		0	0		2	3	2	1			1					0	5402	0	4882			5522					4862	80	4862	340			200		0	0		5682	572	6154	360			240					2841	191	3077	360			240					819	33	1292	360			240					4862	380	4862	360			240		0	0		2	3	2	1			1					0	5322	0	4862			5482					4862	160	4862	360			240		1959	280	7	260	4,34452	4	229,89	102,09	468,35	169,22	10,13	5,02	20,32	40,54	4862	151,23	117,16	117,16	5,27	0	0		0	1	0	0			0					6481		6481	4862			5482					4862	5482	4862									468,35		468,35	117,16			231,94					117,16	231,94	117,16					
Recording064	ProVisioNET_study_109_01	Male	Novice	Clicking_pen_fix	1	fullstream	30000	1162908	0	0	0	0	0	0	0	0	0	0	0	1	1	0	0	0	0	0	0	0	0	0	0	0	0	0	0	0	0	0	0	0	0	0	1	0	0	0	0	0	0	0	0	0	0	0	0	0												7773	0																						5990														2658	8815		6901	3798	5082	3531			200		886	801		767	380	1016	441			200		460	160		240	80	80	280			200		1619	1719		3403	1939	3403	640			200		3	11		9	10	5	8			1		16275	7880		0	5402	0	4882			5522		460	1439		3403	80	3403	340			200		Material_Students	Material_Students	0	0		0	0	0	0			0																																			0	0		0	0	0	0			0																								2658	9115		7501	3818	6121	3551			200		886	1139		1072	424	3061	507			200		460	400		240	80	1259	340			200		1619	3438		4862	1939	4862	660			200		3	8		7	9	2	7			1		16275	7880		0	5402	0	4882			5522		460	3438		4862	80	4862	340			200		2778	9354		7780	4158	6201	3751			240		926	1169		1111	462	3101	536			240		520	440		280	80	1339	360			240		1659	3458		4862	1979	4862	700			240		3	8		7	9	2	7			1		16215	7860		0	5322	0	4862			5482		520	3458		4862	160	4862	360			240		20648	558	37	260	4,15671	30	203,66	100,07	468,35	80,79	8,51	1,97	20,32	255,27	4862	151,23	117,16	117,16	5,27	0	2		0	1	0	1			0		16215	19833		6481	15116	6481	4862			5482		16735	11318		4862	5482	4862	17295					272,1	165,08		468,35	113,68	468,35	117,16			231,94		228,54	107,07		117,16	231,94	117,16	160,4				
Recording064	ProVisioNET_study_109_01	Male	Novice	Drawing	1	fullstream	9800	802524	0	0	0	0	0	0	0	0	0	0	0	0	0	0	0	1	0	0	0	0	0	0	0	0	0	0	0	0	0	0	0	0	0	0	0	1	0	0	0	0	0	0	0	0	0	0	0	0																0																				7634													460	1099		2882	4539	6900						460	550		961	908	1380						460	460		220	102	220						460	640		2043	3718	3718						1	2		3	5	5						401	961		5938	0	2120						460	460		220	102	3718						Carl(a),Disruptive_Person	Carl(a),Disruptive_Person	0	0		0	0	0																																							0	0		0	0	0																												460	1119		2882	4639	7299						460	1119		961	1160	3650						460	1119		220	260	3262						460	1119		2043	3718	4038						1	1		3	4	2						401	961		5938	0	2120						460	1119		220	361	4038						500	1139		3082	4759	7379						500	1139		1027	1190	3690						500	1139		320	300	3302						500	1139		2103	3758	4078						1	1		3	4	2						361	941		5838	0	2080						500	1139		320	361	4078						6376	911	7	460	4,12615	7	321,76	101,83	503,4	137,48	14,93	5,46	27,58	104,52	361	21,73	248,84	240,95	5,46	0	1		0	0	2						361			5838	2080	2080							2080		6158	361	6158						248,84			341,48	419,28	419,28							419,28		503,4	248,84	503,4					
Recording064	ProVisioNET_study_109_01	Male	Novice	Drawing_fix	1	fullstream	30000	802524	0	0	0	0	0	0	0	0	0	0	0	0	0	0	1	1	0	0	0	0	0	0	0	0	0	0	0	0	0	0	0	0	0	0	0	1	0	0	0	0	0	0	0	0	0	0	0	0															9800	0																				7634													1599	1719	10514	4517	6734	7556						800	573	809	903	396	1259						460	460	80	180	76	120						1139	640	2339	2579	3718	3718						2	3	13	5	17	6						401	961	11815	5938	0	2120						460	460	620	220	102	3718						Classroom_Others	Classroom_Others	0	0	0	0	0	0																																							0	0	0	0	0	0																												1599	1739	11393	4577	7054	8415						800	869	2279	1144	641	4208						460	620	640	220	100	4038						1139	1119	6236	2579	3718	4377						2	2	5	4	11	2						401	961	11815	5938	0	2120						460	1119	6236	220	361	4038						1679	1799	11633	4837	7593	8495						840	899	2327	1209	690	4248						500	660	700	320	180	4078						1179	1139	6256	2638	3758	4417						2	2	5	4	11	2						361	941	11795	5838	0	2080						500	1139	6256	320	361	4078						22487	661	34	460	4,07137	26	253,99	101,83	503,4	104,46	10,4	1,28	27,58	270,34	361	21,73	248,84	240,95	5,46	0	1	5	1	4	2						361		19270	5838	2080	2080						27605	2080	21489	6158	361	6158						248,84		275,64	341,48	419,28	419,28						221,06	419,28	279,37	503,4	248,84	503,4					
Recording064	ProVisioNET_study_109_01	Male	Novice	Drumming_with_hands	1	fullstream	3708	1253007	0	0	0	0	0	0	0	0	0	0	0	0	0	0	0	0	0	0	1	0	0	0	0	0	0	0	0	0	0	0	0	0	0	0	0	0	1	0	0	0	0	0	0	0	0	0	0	0																			0																		2009												2411	220		0	300	2411	0		140			804	220			300	804			140			500	220			300	500			140			1359	220			300	1359			140			3	1		0	1	3	0		1			0	3410			1112	0			1432			552	220			300	552			140			Bianca		0	0		0	0	0	0		0																																				0	0		0	0	0	0		0																									2431	220		0	300	2431	0		140			1215	220			300	1215			140			1072	220			300	1072			140			1359	220			300	1359			140			2	1		0	1	2	0		1			0	3410			1112	0			1432			1072	220			300	1072			140			2511	300		0	340	2511	0		160			1255	300			340	1255			160			1072	300			340	1072			160			1439	300			340	1439			160			2	1		0	1	2	0		1			0	3330			1072	0			1412			1072	300			340	1072			160			1799	600	3	300	4,50386	2	273,13	159,88	386,37	160,15	9,18	6,8	11,56	18,36	1072	270,16	386,37	255,67	11,56	0	0		0	0	0	0		0							1072				1412			1072				1412	1072										386,37				159,88			386,37				159,88	386,37					
Recording064	ProVisioNET_study_109_01	Male	Novice	Drumming_with_hands_fix	1	fullstream	30192	1253007	0	0	0	0	0	0	0	0	0	0	0	0	0	0	0	0	0	1	1	0	0	0	0	0	0	0	0	0	0	0	0	0	0	0	0	0	1	0	0	0	0	0	0	0	0	0	0	0																		3708	0																		2009												10546	4315	240	460	5877	2411	4397		140			1172	1079	240	460	653	804	733		140			300	140	240	460	80	500	80		140			3078	2299	240	460	2678	1359	2399		140			9	4	1	1	9	3	6		1			0	3410	16283	18202	1112	0	3930		1432			552	220	240	460	300	552	80		140			Bianca	Bianca	0	0	0	0	0	0	0		0																																				0	0	0	0	0	0	0		0																									11126	4315	240	460	5996	2431	4477		140			1854	1079	240	460	1199	1215	895		140			680	140	240	460	300	1072	80		140			3798	2299	240	460	2958	1359	2399		140			6	4	1	1	5	2	5		1			0	3410	16283	18202	1112	0	3930		1432			1072	220	240	460	300	1072	80		140			11346	4615	260	540	6136	2511	4657		160			1891	1154	260	540	1227	1255	931		160			720	220	260	540	340	1072	100		160			3838	2339	260	540	2998	1439	2439		160			6	4	1	1	5	2	5		1			0	3330	16263	18122	1072	0	3910		1412			1072	300	260	540	340	1072	100		160			19069	829	23	300	4,32983	12	271,08	109,45	404,59	113,07	10,33	3,95	19,09	123,95	1072	270,16	386,37	255,67	11,56	0	0	0	0	2	0	1		0			12945	24478		18122	1072		10106		1412			1072	12945			1412	1072	24478					331,1	167,42		393,19	386,37		322,18		159,88			386,37	331,1			159,88	386,37	167,42				
Recording064	ProVisioNET_study_109_01	Male	Novice	Head_on_table	1	fullstream	4657	1073510	0	0	0	0	0	0	0	0	0	0	0	0	0	0	0	0	0	0	0	0	0	1	0	0	0	0	0	0	0	0	0	0	0	0	0	0	0	1	0	0	0	0	0	0	0	0	0	0																						0																3185											0	3202		0	140	3202	536			320			1067			140	1067	536			320			740			140	740	536			320			1623			140	1623	536			320		0	3		0	1	3	1			1			596			1475	596	0			1655			840			140	840	536			320		Bianca,Disruptive_Person	Bianca,Disruptive_Person	0	0		0	0	0	0			0																																			0	0		0	0	0	0			0																								0	3442		0	140	3442	536			320			1721			140	1721	536			320			840			140	840	536			320			2602			140	2602	536			320		0	2		0	1	2	1			1			596			1475	596	0			1655			840			140	840	536			320		0	3582		0	180	3582	536			360			1791			180	1791	536			360			899			180	899	536			360			2682			180	2682	536			360		0	2		0	1	2	1			1			536			1435	536	0			1615			899			180	899	536			360		2039	510	4	840	4,32144	4	297,18	230,1	394,56	71,58	15,3	10,83	21,72	61,22	536	357,09	303,59	252,65	16,84	0	0		0	0	0	0			0			536			1435	536				1615			1435			1615	1435	536			1975			303,59			230,1	303,59				260,48			230,1			260,48	230,1	303,59			394,56	
Recording064	ProVisioNET_study_109_01	Male	Novice	Head_on_table_fix	1	fullstream	30000	1073510	0	0	0	0	0	0	0	0	0	0	0	0	0	0	0	0	0	0	0	0	1	1	0	0	0	0	0	0	0	0	0	0	0	0	0	0	0	1	0	0	0	0	0	0	0	0	0	0																					4657	0																3185											5077	8535		1879	5137	3758	6213		120	320		1015	1067		626	428	1253	1035		120	320		320	200		500	100	740	320		120	320		2858	2818		760	1039	2179	2858		120	320		5	8		3	12	3	6		1	1		6472	596		16247	1475	596	0		6852	1655		320	840		620	140	840	536		120	320		Material_Students		0	0		0	0	0	0		0	0																																			0	0		0	0	0	0		0	0																								5077	8795		1979	5477	3998	6634		120	320		1015	1466		1979	782	1999	1327		120	320		320	360		1979	140	840	320		120	320		2858	3158		1979	2079	3158	3800		120	320		5	6		1	7	2	5		1	1		6472	596		16247	1475	596	0		6852	1655		320	840		1979	140	840	536		120	320		5317	9035		1999	5717	4138	6774		180	360		1063	1506		1999	817	2069	1355		180	360		340	400		1999	180	899	360		180	360		2938	3238		1999	2139	3238	3820		180	360		5	6		1	7	2	5		1	1		6452	536		16227	1435	536	0		6792	1615		340	899		1999	180	899	536		180	360		24306	760	32	840	4,29377	28	229,94	104,38	394,56	75,71	9,84	4,09	21,72	275,54	536	357,09	303,59	252,65	16,84	0	1		2	4	0	0		0	0		6452	536		16227	1435	536	5213		6792	1615		6792	1435			1615	1435	536		6972	1975		180,94	303,59		125,37	230,1	303,59	232,33		328,47	260,48		328,47	230,1			260,48	230,1	303,59		279,74	394,56	
Recording064	ProVisioNET_study_109_01	Male	Novice	Heckling	1	fullstream	1986	712621	0	0	0	0	0	0	0	0	0	0	0	0	0	0	0	0	0	0	0	0	0	0	0	0	1	0	0	0	0	0	0	0	0	0	0	0	0	0	0	0	0	0	0	0	0	0	0	0																									0																															1986											1986											1986											1986											1											0											1986				Material_Teacher	Material_Teacher								0																																												0																																	1986											1986											1986											1986											1											0											1986											1986											1986											1986											1986											1											0											1986				0		0			0																					0																																															
Recording064	ProVisioNET_study_109_01	Male	Novice	Heckling_fix	1	fullstream	30000	712621	0	0	0	0	0	0	0	0	0	0	0	0	0	0	0	0	0	0	0	0	0	0	0	1	1	0	0	0	0	0	0	0	0	0	0	0	0	0	1	0	0	0	0	0	0	0	0	0																								1986	0														1986										2758	4597	3478	1100	2479		500	11031				552	511	580	220	207		167	613				200	100	260	80	100		80	140				840	879	1719	540	620		320	2678				5	9	6	5	12		3	18				14689	5214	16028	9032	5994		18367	0				840	740	260	540	160		320	1996				Carl(a)	Carl(a)	0	0	0	0	0		0	0																																					0	0	0	0	0		0	0																										2758	4617	3558	1120	2738		660	11631				552	577	1779	280	342		660	3877				200	180	620	80	120		660	2678				840	879	2938	540	1099		660	4995				5	8	2	4	8		1	3				14689	5214	16028	9032	5994		18367	0				840	740	620	540	160		660	4995				3078	5097	3678	1280	3138		700	11651				616	637	1839	320	392		700	3884				240	240	680	140	200		700	2698				899	939	2998	600	1159		700	4995				5	8	2	4	8		1	3				14629	5114	15968	8972	5954		18327	0				899	840	680	600	200		700	4995				19668	410	48	2678	4,4138	44	252,11	102,05	440,02	95,05	8,98	1,5	27,78	395,08	1996	276,49	170,53	155,28	2,69	0	0	3	1	3		1	13				14629	9572	22484	8972	5954		18327					17187	5954	25483	9572	14149		19026	8972				392,38	350,93	310,62	374,64	272,28		211,48					390,01	272,28	346,47	350,93	236		261,6	374,64			
Recording064	ProVisioNET_study_109_01	Male	Novice	Lesson	1	fullstream	1067740	454188	0	0	1	0	0	0	0	1	1	1	1	1	1	1	1	1	1	1	1	1	1	1	1	1	1	0	1	0	0	0	1	1	1	1	1	1	1	1	1	1	1	1	1	1	1	1	1	1			13527					919703	894435	889703	738720	716493	708720	378336	358135	348336	829011	802527	798819	649322	623979	619322	288433	260418	258432		0				558072	540291	528371	893636	714710	355970	800828	622506	260418	537976	439179	171297	467837	440178	437836	197684	172181	167684	150871	237229	130024	98402	130423	37058	53628	90087	4637	2878		887	941	605	787	378	1123	589	738	386	221		80	80	80	80	60	80	80	100	120	140		4098	4357	4337	6816	3718	4098	6916	6436	1179	340		170	252	215	125	345	33	91	122	12	13		840	2059	78395	460	220	167283	276799	6777	170621	15332		260	160	420	160	220	1279	320	240	240	140		Bianca	Bianca	0	0	0	0	0	0	0	0	0	0																																			0	0	0	0	0	0	0	0	0	0																								153849	243765	135640	101560	145235	39976	56187	99082	4637	2878		1076	1237	1577	1224	715	2665	814	2831	386	221		100	100	80	140	80	120	80	140	120	140		6956	7536	9294	12213	9394	6576	7296	18469	1179	340		143	197	86	83	203	15	69	35	12	13		840	2059	78395	460	220	167283	276799	6777	170621	15332		1179	160	1159	360	220	1279	660	240	240	140		160885	253320	138878	105338	154709	40856	58805	100341	5037	3498		1125	1286	1615	1269	762	2724	852	2867	420	269		120	140	120	140	80	180	100	140	160	180		7016	7555	9314	12273	9434	6636	7336	18489	1199	420		143	197	86	83	203	15	69	35	12	13		820	2019	78375	440	200	167223	276759	6777	170581	15292		1199	200	1179	380	240	1339	700	240	280	180		758173	651	1165	200	4,25417	880	234,84	100,07	524,54	97,02	8,99	0,52	37,24	7910,86	200	94,18	103,34	103,34	3,37	11	22	103	27	101	8	15	74	0	0		820	2019	118692	440	200	167223	276759	124788	170581	15292		2019	2219	283915	820	440	168562	277459	129565	383517	58646		160,48	291,69	476,34	135,88	103,34	340,92	211,48	410,32	240,97	157,07		291,69	306,15	346,47	160,48	135,88	238,76	261,6	224,74	251,1	421,37	
Recording064	ProVisioNET_study_109_01	Male	Novice	Letter_search	1	fullstream	5434	1624834	0	0	0	0	0	0	0	0	0	0	0	0	0	0	0	0	0	0	0	0	0	0	0	0	0	0	0	0	0	1	0	0	0	0	0	0	0	0	0	0	0	0	0	0	0	0	0	0																														0																																																																																																																																																																																																																																																																																																																																									2199	200	11	80	4,6322	8	332,38	115,25	554,83	177,64	18,53	1,93	46,81	148,21	1383	224,72	497,83	349,96	23,29																																																							
Recording064	ProVisioNET_study_109_01	Male	Novice	Letter_search_fix	1	fullstream	18406	1624834	0	0	0	0	0	0	0	0	0	0	0	0	0	0	0	0	0	0	0	0	0	0	0	0	0	0	0	0	1	1	0	0	0	0	0	0	0	0	0	0	0	0	0	0	0	0	0	0																													5434	0																																																																																																																																																																																																																																																																																																																																									7256	403	18	80	4,49174	13	275,12	115,25	554,83	158,39	14,49	1,93	46,81	188,32	1383	224,72	497,83	349,96	23,29																																																							
Recording064	ProVisioNET_study_109_01	Male	Novice	Looking_at_phone	1	fullstream	11919	982560	0	0	0	0	0	0	0	0	0	0	0	0	0	0	0	0	0	0	0	0	0	0	0	0	0	0	0	0	0	0	0	0	1	0	0	0	0	0	0	1	0	0	0	0	0	0	0	0																																	0							9605									2399	2079	2259	760	3138	3898						1199	2079	323	380	1569	974						820	2079	60	360	300	300						1579	2079	959	400	2838	2838						2	1	7	2	2	4						1679	5737	0	7875	8755	7875						820	2079	60	400	300	400						Classroom_Others,Disruptive_Person		0	0	0	0	0	0																																							0	0	0	0	0	0																												2399	2079	2419	820	3158	4044						1199	2079	1209	820	3158	4044						820	2079	1039	820	3158	4044						1579	2079	1379	820	3158	4044						2	1	2	1	1	1						1679	5737	0	7875	8755	7875						820	2079	1379	820	3158	4044						2538	2139	2419	879	3218	4104						1269	2139	1209	879	3218	4104						939	2139	1039	879	3218	4104						1599	2139	1379	879	3218	4104						2	1	2	1	1	1						1559	5677	0	7815	8695	7815						939	2139	1379	879	3218	4104						10474	873	12	300	4,15678	10	234,9	113,89	422,72	107,91	7,99	1,53	16,38	79,93	60	189,24	187,3	153,82	1,82	0	0	5	1	1	3							5677		7815	8695	7815						5677	7815		8695									328,72		374,78	422,72	374,78						328,72	374,78		422,72							
Recording064	ProVisioNET_study_109_01	Male	Novice	Looking_at_phone_fix	1	fullstream	29700	982560	0	0	0	0	0	0	0	0	0	0	0	0	0	0	0	0	0	0	0	0	0	0	0	0	0	0	0	0	0	0	0	1	1	0	0	0	0	0	0	1	0	0	0	0	0	0	0	0																																11919	0							9605									3376	6596	2898	8515	3918	4038						844	1649	290	1419	653	808						238	260	60	140	100	140						1579	3518	959	4517	2838	2838						4	4	10	6	6	5						1679	5737	0	7875	8755	7875						820	2079	60	400	300	400						Anna	Anna	0	0	0	0	0	0																																							0	0	0	0	0	0																												3376	6596	3078	8575	4257	4417						844	1649	770	1715	1419	4417						238	260	220	140	400	4417						1579	3518	1379	4517	3158	4417						4	4	4	5	3	1						1679	5737	0	7875	8755	7875						820	2079	1379	820	3158	4417						3596	6776	3158	8775	4397	4477						899	1694	790	1755	1466	4477						298	260	260	140	440	4477						1599	3578	1379	4557	3218	4477						4	4	4	5	3	1						1559	5677	0	7815	8695	7815						939	2139	1379	879	3218	4477						24805	954	26	300	4,27282	17	257,11	105,4	422,72	107,72	7,59	1,53	16,38	129,1	60	189,24	187,3	153,82	1,82	0	0	6	1	2	3						29403	5677	22027	7815	8695	7815						5677	7815		8695	22027							329,58	328,72	343,55	374,78	422,72	374,78						328,72	374,78		422,72	343,55						
Recording064	ProVisioNET_study_109_01	Male	Novice	Snipping_with_fingers	1	fullstream	2342	892025	0	0	0	0	0	0	0	0	0	0	0	0	0	0	0	0	0	0	0	0	0	0	0	0	0	0	0	0	0	0	0	0	0	0	0	0	0	0	0	0	1	0	0	0	1	0	0	0																																									1342				0				1994	288		0		1994						1994	288				1994						1994	288				1994						1994	288				1994						1	1		0		1						348	0				348						1994	288				1994						Anna,Disruptive_Person	Anna,Disruptive_Person	0	0		0		0																																							0	0		0		0																												1994	288		0		1994						1994	288				1994						1994	288				1994						1994	288				1994						1	1		0		1						348	0				348						1994	288				1994						2054	288		0		2054						2054	288				2054						2054	288				2054						2054	288				2054						1	1		0		1						288	0				288						2054	288				2054						0		0			1	327,23	327,23	327,23		6,27	6,27	6,27	6,27	288	182,72	327,23	265,24	6,27	0	0		0		0						288					288							288										327,23					327,23							327,23									
Recording064	ProVisioNET_study_109_01	Male	Novice	Snpping_with_fingers_fix	1	fullstream	30000	892025	0	0	0	0	0	0	0	0	0	0	0	0	0	0	0	0	0	0	0	0	0	0	0	0	0	0	0	0	0	0	0	0	0	0	0	0	0	0	0	0	1	0	0	1	1	0	0	0																																									1342			2342	0				8205	1727	1559	14871	580	6296						1641	432	223	2124	290	3148						360	288	80	320	180	2199						4098	560	480	6816	400	4098						5	4	7	7	2	2						348	0	12001	7824	7384	348						4098	288	80	400	400	4098						Anna	Anna	0	0	0	0	0	0																																							0	0	0	0	0	0																												8505	1727	1699	15071	580	6576						2835	432	566	3014	290	6576						360	288	80	320	180	6576						6956	560	1139	10774	400	6576						3	4	3	5	2	1						348	0	12001	7824	7384	348						6956	288	80	2818	400	6576						8645	1887	1739	15251	700	6636						2882	472	580	3050	350	6636						380	288	120	360	220	6636						7016	620	1139	10794	480	6636						3	4	3	5	2	1						288	0	11961	7784	7304	288						7016	288	120	2858	480	6636						11853	659	18	4098	4,38191	14	282,64	127,51	507,26	111,59	11,01	0,82	24,35	154,17	288	182,72	327,23	265,24	6,27	0	0	4	0	0	0						288	10642		7784	7304	288						7304	288	12081	10642	7784							327,23	398,43		208,98	507,26	327,23						507,26	327,23	127,51	398,43	208,98						
Recording064	ProVisioNET_study_109_01	Male	Novice	Whispering	1	fullstream	4497	621872	0	0	0	0	0	0	0	0	0	0	0	0	0	0	0	0	0	0	0	0	0	0	0	0	0	0	0	0	0	0	0	0	0	0	0	0	0	0	0	0	0	1	0	0	0	0	0	1																																										3613						0	1579	720		720	240	1398			240	160		395	360		720	120	466			240	160		120	100		720	80	120			240	160		878	620		720	160	878			240	160		4	2		1	2	3			1	1		0	918		1058	3317	0			2937	3537		878	100		720	80	878			240	160		Anna	Anna	0	0		0	0	0			0	0																																			0	0		0	0	0			0	0																								1579	720		720	240	1398			240	160		395	360		720	120	466			240	160		120	100		720	80	120			240	160		878	620		720	160	878			240	160		4	2		1	2	3			1	1		0	918		1058	3317	0			2937	3537		878	100		720	80	878			240	160		1779	819		760	280	1498			280	220		445	410		760	140	499			280	220		180	140		760	80	180			280	220		878	680		760	200	878			280	220		4	2		1	2	3			1	1		0	878		1018	3317	0			2897	3477		878	140		760	80	878			280	220		2519	315	8	100	4,48303	7	275,27	180,1	392,22	70,34	10,49	5,08	18,36	73,46	878	347,33	238,76	180,62	11,19	0	0		0	0	0			0	0		2457	878		1018	3877	2457			2897			878	1018		1778		878				3697		180,1	238,76		332,24	247,18	180,1			240,97			238,76	332,24		392,22		238,76				295,42	
Recording064	ProVisioNET_study_109_01	Male	Novice	Whispering_fix	1	fullstream	30000	621872	0	0	0	0	0	0	0	0	0	0	0	0	0	0	0	0	0	0	0	0	0	0	0	0	0	0	0	0	0	0	0	0	0	0	0	0	0	0	0	0	0	1	0	0	0	0	1	1																																										3613					4497	0	4296	16370	280	1659	640	1398		2597	240	300		859	1364	280	830	160	466		1298	240	150		120	80	280	720	80	120		180	240	140		2618	4138	280	939	320	878		2417	240	160		5	12	1	2	4	3		2	1	2		0	918	11012	1058	3317	0		19827	2937	3537		878	100	280	720	80	878		180	240	160		Material_Teacher	Material_Teacher	0	0	0	0	0	0		0	0	0																																			0	0	0	0	0	0		0	0	0																								4296	16770	280	1659	640	1398		2597	240	300		859	1863	280	830	160	466		1298	240	150		120	100	280	720	80	120		180	240	140		2618	4577	280	939	320	878		2417	240	160		5	9	1	2	4	3		2	1	2		0	918	11012	1058	3317	0		19827	2937	3537		878	100	280	720	80	878		180	240	160		4556	17110	340	1759	700	1498		2697	280	420		911	1901	340	879	175	499		1348	280	210		180	140	340	760	80	180		260	280	200		2718	4597	340	999	340	878		2437	280	220		5	9	1	2	4	3		2	1	2		0	878	10953	1018	3317	0		19747	2897	3477		878	140	340	760	80	878		260	280	220		20368	886	23	100	4,32546	15	282,52	111,28	439,43	101,66	11,01	2,42	21,41	165,15	878	347,33	238,76	180,62	11,19	0	1	0	0	0	0		0	0	0		2457	878		1018	3877	2457		19747	2897	9473		878	1018		1778	15150	878				3697		180,1	238,76		332,24	247,18	180,1		402,94	240,97	439,43		238,76	332,24		392,22	111,28	238,76				295,42	
=======
Recording062	ProVisioNET_study_108_08	Female	Novice	snapshot_students	1	snapshot_students	919	545636	0	0	0	0	0	0	0	0	0	0	0	0	0	0	0	0	0	0	0	0	0	0	0	0	0	0	0	0	0	0	0	0	0	0	0	0	0	0	0	0	0	0	0	0	0	0	0	0																																																	140	380		0								140	380										140	380										140	380										1	1		0								0	540										140	380										Bianca	Bianca	0	0		0																																									0	0		0																														140	380		0								140	380										140	380										140	380										1	1		0								0	540										140	380										140	380		0								140	380										140	380										140	380										1	1		0								0	540										140	380										0		0			0														0	0		0									500										140												168.45										185.77										
Recording062	ProVisioNET_study_108_08	Female	Novice	snapshot_students	2	snapshot_students	111016	553712	0	0	0	0	0	0	0	0	0	0	0	0	0	0	0	0	0	0	0	0	0	0	0	0	0	0	0	0	0	0	0	0	0	0	0	0	0	0	0	0	0	0	0	0	0	0	0	0																																																	24486	19968		14292								480	327		242								80	80		80								1559	2059		879								51	61		59								0	460		2119								240	100		100								Carl(a)	Carl(a)	0	0		0																																									0	0		0																														38698	25925		32161								4837	2357		5360								240	100		100								21328	15551		29823								8	11		6								0	460		2119								240	100		100								38698	25925		32161								4837	2357		5360								240	100		100								21328	15551		29823								8	11		6								0	460		2119								240	100		100								0		0			0														14	17		12								29603	13092		36759								21568	22267		7296								194.09	564.4		310.82								486.62	300.37		499.66							
Recording062	ProVisioNET_study_108_08	Female	Novice	snapshot_students	3	snapshot_students	2079	676341	0	0	0	0	0	0	0	0	0	0	0	0	0	0	0	0	0	0	0	0	0	0	0	0	0	0	0	0	0	0	0	0	0	0	0	0	0	0	0	0	0	0	0	0	0	0	0	0																																																	899	140		520								450	140		520								140	140		520								760	140		520								2	1		1								959	580		0								760	140		520								Anna	Anna	760	0		0								760											760											760											1	0		0								959											760											1119	140		520								1119	140		520								1119	140		520								1119	140		520								1	1		1								959	580		0								1119	140		520								1159	140		520								1159	140		520								1159	140		520								1159	140		520								1	1		1								919	580		0								1159	140		520								760	760	1	760	4.02744	0														0	0		0																																																			
Recording062	ProVisioNET_study_108_08	Female	Novice	snapshot_students	4	snapshot_students	939	683656	0	0	0	0	0	0	0	0	0	0	0	0	0	0	0	0	0	0	0	0	0	0	0	0	0	0	0	0	0	0	0	0	0	0	0	0	0	0	0	0	0	0	0	0	0	0	0	0																																																	919	0		0								919											919											919											1	0		0								0											919											Anna		0	0		0																																									0	0		0																														939	0		0								939											939											939											1	0		0								0											939											939	0		0								939											939											939											1	0		0								0											939											0		0			0														0	0		0																																																			
Recording062	ProVisioNET_study_108_08	Female	Novice	snapshot_students	5	snapshot_students	8395	700387	0	0	0	0	0	0	0	0	0	0	0	0	0	0	0	0	0	0	0	0	0	0	0	0	0	0	0	0	0	0	0	0	0	0	0	0	0	0	0	0	0	0	0	0	0	0	0	0																																																	3178	80		600								454	80		300								80	80		300								1159	80		300								7	1		2								0	7316		959								300	80		300								Anna	Anna	0	0		0																																									0	0		0																														3478	80		700								1159	80		700								780	80		700								1799	80		700								3	1		1								0	7316		959								899	80		700								3478	80		700								1159	80		700								780	80		700								1799	80		700								3	1		1								0	7316		959								899	80		700								0		0			0														2	0		0								1659	7276		899								899			1659								363.71	335.42		386.4								386.4			363.71							
Recording062	ProVisioNET_study_108_08	Female	Novice	snapshot_students	6	snapshot_students	5417	718096	0	0	0	0	0	0	0	0	0	0	0	0	0	0	0	0	0	0	0	0	0	0	0	0	0	0	0	0	0	0	0	0	0	0	0	0	0	0	0	0	0	0	0	0	0	0	0	0																																																	899	0		0								225											80											400											4	0		0								0											80											Anna	Anna	0	0		0																																									0	0		0																														5417	0		0								5417											5417											5417											1	0		0								0											5417											5417	0		0								5417											5417											5417											1	0		0								0											5417											0		0			0														6	0		0																																																			
Recording062	ProVisioNET_study_108_08	Female	Novice	snapshot_students	7	snapshot_students	100	732428	0	0	0	0	0	0	0	0	0	0	0	0	0	0	0	0	0	0	0	0	0	0	0	0	0	0	0	0	0	0	0	0	0	0	0	0	0	0	0	0	0	0	0	0	0	0	0	0																																																	0	0		100											100											100											100								0	0		1											0											100								Carl(a)	Carl(a)	0	0		0																																									0	0		0																														0	0		100											100											100											100								0	0		1											0											100								0	0		100											100											100											100								0	0		1											0											100								0		0			0														0	0		0																																																			
Recording062	ProVisioNET_study_108_08	Female	Novice	snapshot_students	8	snapshot_students	31981	737985	0	0	0	0	0	0	0	0	0	0	0	0	0	1	1	0	0	0	0	0	0	0	0	0	0	0	0	0	0	0	0	0	0	0	0	0	0	0	0	0	0	0	0	0	0	0	0	0														8492	8492																																		11014	10194		0								847	1019										80	80										2578	4317										13	10		0								700	0										520	660										Bianca		0	0		0																																									0	0		0																														19309	10294		0								4827	2059										2379	660										9215	4317										4	5		0								700	0										3538	660										19389	10294		0								4847	2059										2419	660										9215	4317										4	5		0								700	0										3538	660										0		0			0														10	5		0								660	8655										8655	660										296.18	608.74										608.74	296.18									
Recording062	ProVisioNET_study_108_08	Female	Novice	snapshot_students	9	snapshot_students	919	777322	0	0	0	0	0	0	0	0	0	0	0	0	0	0	0	0	0	0	0	0	0	0	0	0	0	0	0	0	0	0	0	0	0	0	0	0	0	0	0	0	0	0	0	0	0	0	0	0																																																	919	0		0								919											919											919											1	0		0								0											919											Anna	Anna	0	0		0																																									0	0		0																														919	0		0								919											919											919											1	0		0								0											919											919	0		0								919											919											919											1	0		0								0											919											0		0			0														0	0		0																																																			
Recording062	ProVisioNET_study_108_08	Female	Novice	snapshot_students	10	snapshot_students	6016	784118	0	0	0	0	0	0	0	0	0	0	0	0	0	0	0	0	0	0	0	0	0	0	0	0	0	0	0	0	0	0	0	0	0	0	0	0	0	0	0	0	0	0	0	0	0	0	0	0																																																	1519	1539		0								253	1539										80	1539										600	1539										6	1		0								0	4218										140	1539										Anna	Anna	0	0		0																																									0	0		0																														1759	1539		0								879	1539										200	1539										1559	1539										2	1		0								0	4218										1559	1539										1759	1539		0								879	1539										200	1539										1559	1539										2	1		0								0	4218										1559	1539										0		0			0														2	0		0								5757												5757										380.23												380.23									
Recording062	ProVisioNET_study_108_08	Female	Novice	snapshot_students	11	snapshot_students	1159	796071	0	0	0	0	0	0	0	0	0	0	0	0	0	0	0	0	0	0	0	0	0	0	0	0	0	0	0	0	0	0	0	0	0	0	0	0	0	0	0	0	0	0	0	0	0	0	0	0																																																	380	680		0								190	680										80	680										300	680										2	1		0								0	480										80	680										Bianca	Bianca	0	0		0																																									0	0		0																														400	680		0								400	680										400	680										400	680										1	1		0								0	480										400	680										400	680		0								400	680										400	680										400	680										1	1		0								0	480										400	680										0		0			0														1	0		0									420																						468.72																				
Recording062	ProVisioNET_study_108_08	Female	Novice	snapshot_students	12	snapshot_students	1119	805805	0	0	0	0	0	0	0	0	0	0	0	0	0	0	0	0	0	0	0	0	0	0	0	0	0	0	0	0	0	0	0	0	0	0	0	0	0	0	0	0	0	0	0	0	0	0	0	0																																																	0	220		560									220		140									220		80									220		220								0	1		4									0		340									220		180								Carl(a)	Carl(a)	0	0		0																																									0	0		0																														0	220		780									220		780									220		780									220		780								0	1		1									0		340									220		780								0	220		780									220		780									220		780									220		780								0	1		1									0		340									220		780								0		0			0														0	0		1																																																			
Recording062	ProVisioNET_study_108_08	Female	Novice	snapshot_students	13	snapshot_students	6516	818138	0	0	0	0	0	0	0	0	0	0	0	0	0	0	0	0	0	0	0	0	0	0	0	0	0	0	0	0	0	0	0	0	0	0	0	0	0	0	0	0	0	1	0	0	0	0	0	0																																										4638							2419	2219		300								605	247		300								80	80		300								1939	520		300								4	9		1								0	220		800								140	520		300								Anna	Anna	0	0		0																																									0	0		0																														2459	3418		300								820	1139		300								140	320		300								1939	2578		300								3	3		1								0	220		800								140	520		300								2459	3418		300								820	1139		300								140	320		300								1939	2578		300								3	3		1								0	220		800								140	520		300								0		0			0														0	1		0								1499	1099		740								3458	740		1099								126.32	403.68		433.03								323.75	433.03		403.68							
Recording062	ProVisioNET_study_108_08	Female	Novice	snapshot_students	14	snapshot_students	5037	835968	0	0	0	0	0	0	0	0	0	0	0	0	0	0	0	0	0	0	0	0	0	0	0	0	0	0	0	0	0	0	0	0	0	0	0	0	0	0	0	0	0	0	0	0	0	1	0	0																																														1790			839	900		840								210	225		840								80	80		840								420	380		840								4	4		1								0	220		640								160	380		840								Anna	Anna	0	0		0																																									0	0		0																														859	919		840								286	306		840								160	260		840								520	380		840								3	3		1								0	220		640								160	380		840								859	919		840								286	306		840								160	260		840								520	380		840								3	3		1								0	220		640								160	380		840								0		0			0														1	1		0									160		600								160	600		1479									351.25		364.01								351.25	364.01		470.79							
Recording062	ProVisioNET_study_108_08	Female	Novice	snapshot_students	15	snapshot_students	206519	853997	0	0	0	0	0	0	0	0	0	0	0	0	0	0	0	0	0	0	0	0	0	0	1	1	1	0	0	0	0	0	1	1	1	0	0	0	0	0	1	1	0	0	0	0	0	0	0	0																							160884	135727	130884						71496	71711	41496						135305	67840									47672	59205		38018								513	553		535								80	80		80								4757	3378		3678								93	107		71								0	4477		12573								899	1579		160								Bianca	Bianca	0	0		0																																									0	0		0																														68020	75896		47652								8503	5838		6807								80	100		400								56187	40676		26944								8	13		7								0	4477		12573								4417	1579		1459								68020	75936		47652								8503	5841		6807								80	120		400								56187	40676		26944								8	13		7								0	4477		12573								4417	1579		1459								0		0			0														31	38		22								8975	4417		12513								4417	12513										297.21	429.15		455.39								429.15	455.39									
Recording062	ProVisioNET_study_108_08	Female	Novice	snapshot_students	16	snapshot_students	92566	1065793	0	0	0	0	0	0	0	0	0	0	1	1	1	0	0	0	0	0	0	0	0	0	0	0	0	0	0	0	0	0	0	0	0	0	1	0	0	0	0	0	0	0	0	0	0	0	0	0											39296	20576	9296																						19650														30862	17850		8435								468	350		527								80	80		80								1899	2059		1419								66	51		16								0	52169		19049								220	480		380								Carl(a)	Carl(a)	0	0		0																																									0	0		0																														44434	32621		10234								14811	32621		3411								1759	32621		2019								24166	32621		5337								3	1		3								0	52169		19049								18509	32621		2878								44434	32621		10274								14811	32621		3425								1759	32621		2019								24166	32621		5337								3	1		3								0	52169		19009								18509	32621		2918								0		0			0														24	13		3																						21927																						238.33							
Recording062	ProVisioNET_study_108_08	Female	Novice	snapshot_students	17	snapshot_students	10534	1163856	0	0	0	0	0	0	0	0	0	0	0	0	0	0	0	0	0	0	0	0	0	0	0	0	0	0	0	0	0	0	0	0	0	0	0	0	0	0	0	0	1	0	0	1	1	0	0	0																																									3312			4497	1556				3438	0		560								215			280								100			100								540			460								16	0		2								2279			0								200			100								Anna	Anna	0	0		0																																									0	0		0																														8255	0		2019								8255			2019								8255			2019								8255			2019								1	0		1								2279			0								8255			2019								8255	0		2019								8255			2019								8255			2019								8255			2019								1	0		1								2279			0								8255			2019								0		0			0														2	0		0																																																			
Recording062	ProVisioNET_study_108_08	Female	Novice	snapshot_students	18	snapshot_students	39717	1181166	0	0	0	0	0	0	0	0	0	0	0	0	0	0	0	0	0	0	0	0	0	0	0	0	0	0	0	0	0	0	0	0	0	0	0	0	0	0	0	0	0	0	1	0	0	0	0	0																																											14246						8175	19409		2998								629	1617		750								80	80		100								2039	6396		1859								13	12		4								0	680		27644								400	80		300								Anna	Anna	0	0		0																																									0	0		0																														10314	20948		3198								2063	4190		3198								400	1499		3198								4737	7116		3198								5	5		1								0	680		27644								400	1499		3198								10314	20948		3238								2063	4190		3238								400	1499		3238								4737	7116		3238								5	5		1								0	680		27604								400	1499		3238								0		0			0														3	3		0								17909	30842											38018		30842								432.54	625.86											496.43		625.86							
Recording062	ProVisioNET_study_108_08	Female	Novice	snapshot_students	19	snapshot_students	17909	1228298	0	0	0	0	0	0	0	0	0	0	0	0	0	0	0	0	0	0	0	0	0	0	0	0	0	0	0	0	0	0	0	0	0	0	0	0	0	0	0	0	0	0	0	0	0	0	0	0																																																	2359	4437		440								393	493		147								80	80		120								740	1179		180								6	9		3								999	0		10294								300	680		180								Bianca	Bianca	0	0		0																																									0	0		0																														2419	4897		500								806	1224		500								300	420		500								1259	2918		500								3	4		1								999	0		10294								300	680		500								2419	4897		500								806	1224		500								300	420		500								1259	2918		500								3	4		1								999	0		10294								300	680		500								0		0			0														1	5		2																			1299			10794																			261			214.06							
Recording062	ProVisioNET_study_108_08	Female	Novice	snapshot_students	20	snapshot_students	5437	1256961	0	0	0	0	0	0	0	0	0	0	0	0	0	0	0	0	0	1	0	0	0	0	0	0	0	0	0	0	0	0	0	0	0	0	0	0	1	0	0	0	0	0	0	0	0	0	0	0																		4370																			2573												620	2878		0								620	576										620	120										620	2119										1	5		0								720	0										620	120										Bianca	Bianca	0	0		0																																									0	0		0																														620	4637		0								620	2319										620	600										620	4038										1	2		0								720	0										620	600										620	4637		0								620	2319										620	600										620	4038										1	2		0								720	0										620	600										0		0			0														0	4		0									1339										1339												430.06										430.06										
Recording062	ProVisioNET_study_108_08	Female	Novice	snapshot_students	21	snapshot_students	3458	1280827	0	0	0	0	0	0	0	0	0	0	0	0	0	0	0	0	0	0	0	0	0	0	0	0	0	0	0	0	0	0	0	0	0	0	0	0	0	0	0	0	0	0	0	0	0	0	0	0																																																	1279	1259		380								640	420		127								580	360		80								700	480		200								2	3		3								0	760		1299								700	480		200								Carl(a)	Carl(a)	0	0		0																																									0	0		0																														1279	1259		480								640	420		240								580	360		200								700	480		280								2	3		2								0	760		1299								700	480		200								1279	1259		480								640	420		240								580	360		200								700	480		280								2	3		2								0	760		1299								700	480		200								0		0			0														0	0		0								1999	700		1239								700	1239		1499								499.58	513.6		537.88								513.6	537.88		527.61							
Recording062	ProVisioNET_study_108_08	Female	Novice	snapshot_students	22	snapshot_students	13572	1293260	0	0	0	0	0	0	0	0	0	0	0	0	0	0	0	0	0	0	0	0	0	0	0	0	0	0	0	0	0	0	0	0	0	0	0	0	0	0	0	0	0	0	0	0	0	0	0	0																																																	8555	1699		0								1711	849										580	600										3878	1099										5	2		0								40	2359										1459	600										Anna		0	0		0																																									0	0		0																														10414	1699		0								3471	849										1419	600										7536	1099										3	2		0								40	2359										1459	600										10454	1699		0								3485	849										1419	600										7536	1099										3	2		0								0	2359										1499	600										0		0			0														0	0		0								2958											1499	2958										475.14											234.62	475.14									
Recording062	ProVisioNET_study_108_08	Female	Novice	snapshot_students	23	snapshot_students	24206	1312289	0	0	0	0	0	0	0	0	0	0	0	0	0	0	0	0	0	0	0	0	0	0	0	0	0	0	0	0	0	0	0	0	0	0	0	0	0	0	0	0	0	0	0	0	0	0	0	0																																																	5137	2798		3858								1712	700		386								1039	80		80								2818	2199		959								3	4		10								11713	0		5297								1279	2199		80								Carl(a)	Carl(a)	0	0		0																																									0	0		0																														9414	2958		4417								9414	1479		2209								9414	400		2139								9414	2558		2279								1	2		2								11713	0		5297								9414	2558		2279								9414	2958		4417								9414	1479		2209								9414	400		2139								9414	2558		2279								1	2		2								11713	0		5297								9414	2558		2279								0		0			0														1	1		4																																																			
Recording062	ProVisioNET_study_108_08	Female	Novice	snapshot_students	24	snapshot_students	42295	1341531	0	0	0	0	0	0	0	0	0	0	0	0	0	0	0	0	0	0	0	1	1	1	0	0	0	0	0	0	0	0	0	0	0	0	0	0	0	1	0	0	0	0	0	0	0	0	0	0																				33901	8741	3901																6657											10854	7176		1219								472	598		244								80	80		80								2339	1859		580								23	12		5								5577	0		17590								80	80		80								Anna	Anna	0	0		0																																									0	0		0																														15991	7616		2299								3998	1904		1149								320	320		600								6956	3798		1699								4	4		2								5577	0		17590								6956	2079		1699								15991	7616		2299								3998	1904		1149								320	320		600								6956	3798		1699								4	4		2								5577	0		17590								6956	2079		1699								0		0			0														10	6		0											34939									34939													490.16									490.16									
Recording062	ProVisioNET_study_108_08	Female	Novice	snapshot_students	25	snapshot_students	137379	1389463	0	0	0	0	0	0	0	1	1	1	0	0	0	0	0	0	0	0	0	0	0	0	0	0	0	0	0	0	0	0	0	0	0	1	0	0	0	0	0	0	0	0	0	0	0	0	0	0								76093	52196	46093																								51332															50230	14511		10134								707	660		596								80	80		80								3198	2059		1799								71	22		17								0	22007		22427								200	340		1279								Bianca	Bianca	0	0		0																																									0	0		0																														73597	15811		11113								8177	1216		1235								340	140		80								21947	3098		1939								9	13		9								0	22007		22427								21947	340		1279								73597	15811		11153								8177	1216		1239								340	140		80								21947	3098		1939								9	13		9								0	22007		22427								21947	340		1279								0		0			0														28	5		6								70858	21947		22347								21947	22347		23706								321.58	422.11		471.93								422.11	471.93		552.27							
Recording062	ProVisioNET_study_108_08	Female	Novice	snapshot_students	26	snapshot_students	66321	1535177	0	0	0	0	0	0	0	0	0	0	0	0	0	0	0	0	0	0	0	0	0	0	0	0	0	0	0	0	0	0	0	0	0	0	0	0	0	0	0	0	0	0	0	0	0	0	0	0																																																	27424	6996		17769								1613	777		846								80	300		100								5037	1839		4457								17	9		21								1759	0		9674								4657	780		320								Carl(a)	Carl(a)	0	0		0																																									0	0		0																														32321	7516		19968								10774	1503		4992								2339	300		180								22607	4118		18049								3	5		4								1759	0		9674								7376	1699		460								32321	7516		19968								10774	1503		4992								2339	300		180								22607	4118		18049								3	5		4								1759	0		9674								7376	1699		460								0		0			0														12	0		11								1699	9135		59025								9135	1699		59225								484.13	467.96		274.99								467.96	484.13		615.86							
Recording062	ProVisioNET_study_108_08	Female	Novice	Entire Recording	1	fullstream	1751888	0	0	1	1	1	1	1	1	1	1	1	1	1	1	1	1	1	1	1	1	1	1	1	1	1	1	1	1	1	1	1	1	1	1	1	1	0	1	1	1	1	1	1	1	1	1	1	1	2		549141	542817	519141	1664719	1660634	1634719	1465556	1441659	1435556	1105089	1086370	1075089	746477	746477	716477	1285979	1261331	1255979	1375432	1350272	1345432	1014881	989724	984881	1602847	544497	1722020	1740284	1692020	925493	925709	895493	1440795	1085443		1259534	1348189	989302	921838	1167168	822776	1195412	1168353	1165412	837758	825102	817758	244218	174538	18709	101021	79973	37618	2239	173738	1559	1379	360	593	535	398	457	272	392	204	543	173	197	360	80	80	80	80	80	80	80	60	80	80	360	5037	6396	1339	4457	2339	2119	500	5317	320	380	360	412	326	47	221	294	96	11	320	9	7	1	545636	546176	551113	555830	544877	732428	743382	552832	590930	563946	1151183	140	380	180	100	400	100	200	80	140	120	360	Classroom_Others		760	0	0	0	0	0	0	0	0	0	0	760											760											760											1	0	0	0	0	0	0	0	0	0	0	677300											760											274179	196225	22267	117191	107057	43954	2279	191328	1579	1399	360	1735	1545	2024	1429	622	1465	253	1894	197	233	360	80	80	80	80	80	100	80	80	80	80	360	16830	10814	7616	19249	5137	15491	660	10254	320	380	360	158	127	11	82	172	30	9	101	8	6	1	545636	546176	551113	555830	544877	732428	743382	552832	590930	563946	1151183	140	380	180	100	720	100	660	340	260	280	360	279476	201342	22667	119670	112354	45014	2519	194546	1859	1599	380	1769	1585	2061	1459	653	1500	280	1926	232	267	380	80	100	140	100	80	120	80	80	80	100	380	16870	10814	7676	19269	5137	15511	720	10294	360	400	380	158	127	11	82	172	30	9	101	8	6	1	545616	546136	551053	555771	544837	732408	743322	552732	590850	563906	1151163	160	420	240	160	760	120	720	440	340	320	380	762455	407	1872	200	4.33737	1068	229.94	100.03	1061.99	122.11	8.2	0.52	31.21	8757.2	3688	275.36	138.25	138.25	2.9	52	63	24	35	56	19	1	157	1	1	0	545616	546136	668725	590470	544837	743322	743322	561007	869008	575979	1151163	545776	546556	679699	561007	546136	818878	884559	590470	869368	576199		212.34	168.45	129.84	310.82	196.08	410.69	410.69	499.66	331.93	300.37	124.74	185.77	463.73	133.09	499.66	168.45	433.03	256.77	310.82	292.76	128.69	
Recording064	ProVisioNET_study_109_01	Male	Novice	Calibration_phase1	1	fullstream	13446	437715	0	0	0	1	0	0	0	0	0	0	0	0	0	0	0	0	0	0	0	0	0	0	0	0	0	0	0	0	0	0	0	0	0	0	0	0	0	0	0	0	0	0	0	0	0	0	0	0				0																																																																																																																																																																																																																																																																																																																																																																			10954	498	22	280	6.32467	15	284.18	134.19	529.54	137.1	7.97	2.36	20.18	119.51	363	329.07	357.99	279.16	20.18																																																							
Recording064	ProVisioNET_study_109_01	Male	Novice	Calibration_phase2	1	fullstream	12806	1559238	0	0	0	0	0	0	1	0	0	0	0	0	0	0	0	0	0	0	0	0	0	0	0	0	0	0	0	0	0	0	0	0	0	0	0	0	0	0	0	0	0	0	0	0	0	0	0	0							0																																																																																																																																																																																																																																																																																																																																																																7016	780	9	1139	5.98667	8	224.23	128.2	381.66	73.15	9.46	6.03	16.75	75.66	3597	166.56	381.66	381.66	7.52																																																							
Recording064	ProVisioNET_study_109_01	Male	Novice	Calibration_phase2_fix	1	fullstream	30000	1559238	0	0	0	0	0	1	1	0	0	0	0	0	0	0	0	0	0	0	0	0	0	0	0	0	0	0	0	0	0	0	0	0	0	0	0	0	0	0	0	0	0	0	0	0	0	0	0	0						12806	0																																																																																																																																																																																																																																																																																																																																																																15751	656	24	1139	6.08723	20	210.75	114.65	399.56	82.16	9.32	3.7	23.7	186.48	3597	166.56	381.66	381.66	7.52																																																							
Recording064	ProVisioNET_study_109_01	Male	Novice	Chatting_with_neighbour	1	fullstream	4732	1343891	0	0	0	0	0	0	0	0	0	1	0	0	0	0	0	0	0	0	0	0	0	0	0	0	0	0	0	0	0	0	0	0	0	1	0	0	0	0	0	0	0	0	0	0	0	0	0	0										0																								3934															500	3733		0		4073	340					500	1866				1358	340					500	1459				340	340					500	2273				2273	340					1	2		0		3	1					2333	0				0	2893					500	2273				2273	340					Bianca,Disruptive_Person	Bianca,Disruptive_Person	0	0		0		0	0																																						0	0		0		0	0																											500	3733		0		4112	340					500	1866				2056	340					500	1459				1839	340					500	2273				2273	340					1	2		0		2	1					2333	0				0	2893					500	2273				2273	340					560	3773		0		4172	400					560	1886				2086	400					560	1499				1899	400					560	2273				2273	400					1	2		0		2	1					2273	0				0	2833					560	2273				2273	400					840	420	2	500	4.41477	3	357.95	240.58	478.92	119.21	16.13	9.14	23.28	48.39	2273	169.72	354.36	255.23	15.97	0	0		0		1	0					2273	3233				2833	2833					2833	2273				2273	3233					354.36	240.58				478.92	478.92					478.92	354.36				354.36	240.58				
Recording064	ProVisioNET_study_109_01	Male	Novice	Chatting_with_neighbour_fix	1	fullstream	30000	1343891	0	0	0	0	0	0	0	0	1	1	0	0	0	0	0	0	0	0	0	0	0	0	0	0	0	0	0	0	0	0	0	0	0	1	0	0	0	0	0	0	0	0	0	0	0	0	0	0									4732	0																								3934															1842	16725	2239	440	1459	4532	2159			200		614	1520	448	440	208	1511	270			200		300	400	160	440	100	340	100			200		1043	2918	660	440	360	2273	460			200		3	11	5	1	7	3	8			1		2333	0	21722	27878	10608	0	2893			10349		500	2273	600	440	100	2273	340			200		Anna	Anna	0	0	0	0	0	0	0			0																																			0	0	0	0	0	0	0			0																								1842	17005	2279	440	2019	4572	2419			200		614	1700	760	440	673	2286	403			200		300	400	580	440	100	2273	100			200		1043	2918	1099	440	1599	2299	999			200		3	10	3	1	3	2	6			1		2333	0	21722	27878	10608	0	2893			10349		500	2273	600	440	100	2273	340			200		1982	17424	2419	500	2159	4632	2658			240		661	1742	806	500	720	2316	443			240		320	440	620	500	160	2273	140			240		1103	2998	1159	500	1639	2359	1039			240		3	10	3	1	3	2	6			1		2273	0	21682	27818	10549	0	2833			10309		560	2273	640	500	160	2273	400			240		20788	650	32	500	4.42164	21	271.1	153.49	478.92	90.08	11.02	1.25	23.65	231.36	2273	169.72	354.36	255.23	15.97	0	0	2	0	3	1	1			0		2273	3233		27818	10549	2833	2833			10309		2833	2273		28318	10708	2273	3233			10549		354.36	240.58		418.79	297.02	478.92	478.92			203.17		478.92	354.36		175.33	153.49	354.36	240.58			297.02	
Recording064	ProVisioNET_study_109_01	Male	Novice	Clicking_pen	1	fullstream	7773	1162908	0	0	0	0	0	0	0	0	0	0	0	0	1	0	0	0	0	0	0	0	0	0	0	0	0	0	0	0	0	0	0	0	0	0	1	0	0	0	0	0	0	0	0	0	0	0	0	0													0																						5990														0	0		5002	452	5035	340			200					1251	113	1007	340			200					260	33	33	340			200					3403	220	3403	340			200		0	0		4	4	5	1			1					0	5402	0	4882			5522					3403	80	3403	340			200		Classroom_Others,Disruptive_Person	Classroom_Others,Disruptive_Person	0	0		0	0	0	0			0																																			0	0		0	0	0	0			0																								0	0		5602	472	6074	340			200					2801	157	3037	340			200					740	33	1212	340			200					4862	360	4862	340			200		0	0		2	3	2	1			1					0	5402	0	4882			5522					4862	80	4862	340			200		0	0		5682	572	6154	360			240					2841	191	3077	360			240					819	33	1292	360			240					4862	380	4862	360			240		0	0		2	3	2	1			1					0	5322	0	4862			5482					4862	160	4862	360			240		1959	280	7	260	4.34452	4	229.89	102.09	468.35	169.22	10.13	5.02	20.32	40.54	4862	151.23	117.16	117.16	5.27	0	0		0	1	0	0			0					6481		6481	4862			5482					4862	5482	4862									468.35		468.35	117.16			231.94					117.16	231.94	117.16					
Recording064	ProVisioNET_study_109_01	Male	Novice	Clicking_pen_fix	1	fullstream	30000	1162908	0	0	0	0	0	0	0	0	0	0	0	1	1	0	0	0	0	0	0	0	0	0	0	0	0	0	0	0	0	0	0	0	0	0	1	0	0	0	0	0	0	0	0	0	0	0	0	0												7773	0																						5990														2658	8815		6901	3798	5082	3531			200		886	801		767	380	1016	441			200		460	160		240	80	80	280			200		1619	1719		3403	1939	3403	640			200		3	11		9	10	5	8			1		16275	7880		0	5402	0	4882			5522		460	1439		3403	80	3403	340			200		Material_Students	Material_Students	0	0		0	0	0	0			0																																			0	0		0	0	0	0			0																								2658	9115		7501	3818	6121	3551			200		886	1139		1072	424	3061	507			200		460	400		240	80	1259	340			200		1619	3438		4862	1939	4862	660			200		3	8		7	9	2	7			1		16275	7880		0	5402	0	4882			5522		460	3438		4862	80	4862	340			200		2778	9354		7780	4158	6201	3751			240		926	1169		1111	462	3101	536			240		520	440		280	80	1339	360			240		1659	3458		4862	1979	4862	700			240		3	8		7	9	2	7			1		16215	7860		0	5322	0	4862			5482		520	3458		4862	160	4862	360			240		20648	558	37	260	4.15671	30	203.66	100.07	468.35	80.79	8.51	1.97	20.32	255.27	4862	151.23	117.16	117.16	5.27	0	2		0	1	0	1			0		16215	19833		6481	15116	6481	4862			5482		16735	11318		4862	5482	4862	17295					272.1	165.08		468.35	113.68	468.35	117.16			231.94		228.54	107.07		117.16	231.94	117.16	160.4				
Recording064	ProVisioNET_study_109_01	Male	Novice	Drawing	1	fullstream	9800	802524	0	0	0	0	0	0	0	0	0	0	0	0	0	0	0	1	0	0	0	0	0	0	0	0	0	0	0	0	0	0	0	0	0	0	0	1	0	0	0	0	0	0	0	0	0	0	0	0																0																				7634													460	1099		2882	4539	6900						460	550		961	908	1380						460	460		220	102	220						460	640		2043	3718	3718						1	2		3	5	5						401	961		5938	0	2120						460	460		220	102	3718						Carl(a),Disruptive_Person	Carl(a),Disruptive_Person	0	0		0	0	0																																							0	0		0	0	0																												460	1119		2882	4639	7299						460	1119		961	1160	3650						460	1119		220	260	3262						460	1119		2043	3718	4038						1	1		3	4	2						401	961		5938	0	2120						460	1119		220	361	4038						500	1139		3082	4759	7379						500	1139		1027	1190	3690						500	1139		320	300	3302						500	1139		2103	3758	4078						1	1		3	4	2						361	941		5838	0	2080						500	1139		320	361	4078						6376	911	7	460	4.12615	7	321.76	101.83	503.4	137.48	14.93	5.46	27.58	104.52	361	21.73	248.84	240.95	5.46	0	1		0	0	2						361			5838	2080	2080							2080		6158	361	6158						248.84			341.48	419.28	419.28							419.28		503.4	248.84	503.4					
Recording064	ProVisioNET_study_109_01	Male	Novice	Drawing_fix	1	fullstream	30000	802524	0	0	0	0	0	0	0	0	0	0	0	0	0	0	1	1	0	0	0	0	0	0	0	0	0	0	0	0	0	0	0	0	0	0	0	1	0	0	0	0	0	0	0	0	0	0	0	0															9800	0																				7634													1599	1719	10514	4517	6734	7556						800	573	809	903	396	1259						460	460	80	180	76	120						1139	640	2339	2579	3718	3718						2	3	13	5	17	6						401	961	11815	5938	0	2120						460	460	620	220	102	3718						Classroom_Others	Classroom_Others	0	0	0	0	0	0																																							0	0	0	0	0	0																												1599	1739	11393	4577	7054	8415						800	869	2279	1144	641	4208						460	620	640	220	100	4038						1139	1119	6236	2579	3718	4377						2	2	5	4	11	2						401	961	11815	5938	0	2120						460	1119	6236	220	361	4038						1679	1799	11633	4837	7593	8495						840	899	2327	1209	690	4248						500	660	700	320	180	4078						1179	1139	6256	2638	3758	4417						2	2	5	4	11	2						361	941	11795	5838	0	2080						500	1139	6256	320	361	4078						22487	661	34	460	4.07137	26	253.99	101.83	503.4	104.46	10.4	1.28	27.58	270.34	361	21.73	248.84	240.95	5.46	0	1	5	1	4	2						361		19270	5838	2080	2080						27605	2080	21489	6158	361	6158						248.84		275.64	341.48	419.28	419.28						221.06	419.28	279.37	503.4	248.84	503.4					
Recording064	ProVisioNET_study_109_01	Male	Novice	Drumming_with_hands	1	fullstream	3708	1253007	0	0	0	0	0	0	0	0	0	0	0	0	0	0	0	0	0	0	1	0	0	0	0	0	0	0	0	0	0	0	0	0	0	0	0	0	1	0	0	0	0	0	0	0	0	0	0	0																			0																		2009												2411	220		0	300	2411	0		140			804	220			300	804			140			500	220			300	500			140			1359	220			300	1359			140			3	1		0	1	3	0		1			0	3410			1112	0			1432			552	220			300	552			140			Bianca		0	0		0	0	0	0		0																																				0	0		0	0	0	0		0																									2431	220		0	300	2431	0		140			1215	220			300	1215			140			1072	220			300	1072			140			1359	220			300	1359			140			2	1		0	1	2	0		1			0	3410			1112	0			1432			1072	220			300	1072			140			2511	300		0	340	2511	0		160			1255	300			340	1255			160			1072	300			340	1072			160			1439	300			340	1439			160			2	1		0	1	2	0		1			0	3330			1072	0			1412			1072	300			340	1072			160			1799	600	3	300	4.50386	2	273.13	159.88	386.37	160.15	9.18	6.8	11.56	18.36	1072	270.16	386.37	255.67	11.56	0	0		0	0	0	0		0							1072				1412			1072				1412	1072										386.37				159.88			386.37				159.88	386.37					
Recording064	ProVisioNET_study_109_01	Male	Novice	Drumming_with_hands_fix	1	fullstream	30192	1253007	0	0	0	0	0	0	0	0	0	0	0	0	0	0	0	0	0	1	1	0	0	0	0	0	0	0	0	0	0	0	0	0	0	0	0	0	1	0	0	0	0	0	0	0	0	0	0	0																		3708	0																		2009												10546	4315	240	460	5877	2411	4397		140			1172	1079	240	460	653	804	733		140			300	140	240	460	80	500	80		140			3078	2299	240	460	2678	1359	2399		140			9	4	1	1	9	3	6		1			0	3410	16283	18202	1112	0	3930		1432			552	220	240	460	300	552	80		140			Bianca	Bianca	0	0	0	0	0	0	0		0																																				0	0	0	0	0	0	0		0																									11126	4315	240	460	5996	2431	4477		140			1854	1079	240	460	1199	1215	895		140			680	140	240	460	300	1072	80		140			3798	2299	240	460	2958	1359	2399		140			6	4	1	1	5	2	5		1			0	3410	16283	18202	1112	0	3930		1432			1072	220	240	460	300	1072	80		140			11346	4615	260	540	6136	2511	4657		160			1891	1154	260	540	1227	1255	931		160			720	220	260	540	340	1072	100		160			3838	2339	260	540	2998	1439	2439		160			6	4	1	1	5	2	5		1			0	3330	16263	18122	1072	0	3910		1412			1072	300	260	540	340	1072	100		160			19069	829	23	300	4.32983	12	271.08	109.45	404.59	113.07	10.33	3.95	19.09	123.95	1072	270.16	386.37	255.67	11.56	0	0	0	0	2	0	1		0			12945	24478		18122	1072		10106		1412			1072	12945			1412	1072	24478					331.1	167.42		393.19	386.37		322.18		159.88			386.37	331.1			159.88	386.37	167.42				
Recording064	ProVisioNET_study_109_01	Male	Novice	Head_on_table	1	fullstream	4657	1073510	0	0	0	0	0	0	0	0	0	0	0	0	0	0	0	0	0	0	0	0	0	1	0	0	0	0	0	0	0	0	0	0	0	0	0	0	0	1	0	0	0	0	0	0	0	0	0	0																						0																3185											0	3202		0	140	3202	536			320			1067			140	1067	536			320			740			140	740	536			320			1623			140	1623	536			320		0	3		0	1	3	1			1			596			1475	596	0			1655			840			140	840	536			320		Bianca,Disruptive_Person	Bianca,Disruptive_Person	0	0		0	0	0	0			0																																			0	0		0	0	0	0			0																								0	3442		0	140	3442	536			320			1721			140	1721	536			320			840			140	840	536			320			2602			140	2602	536			320		0	2		0	1	2	1			1			596			1475	596	0			1655			840			140	840	536			320		0	3582		0	180	3582	536			360			1791			180	1791	536			360			899			180	899	536			360			2682			180	2682	536			360		0	2		0	1	2	1			1			536			1435	536	0			1615			899			180	899	536			360		2039	510	4	840	4.32144	4	297.18	230.1	394.56	71.58	15.3	10.83	21.72	61.22	536	357.09	303.59	252.65	16.84	0	0		0	0	0	0			0			536			1435	536				1615			1435			1615	1435	536			1975			303.59			230.1	303.59				260.48			230.1			260.48	230.1	303.59			394.56	
Recording064	ProVisioNET_study_109_01	Male	Novice	Head_on_table_fix	1	fullstream	30000	1073510	0	0	0	0	0	0	0	0	0	0	0	0	0	0	0	0	0	0	0	0	1	1	0	0	0	0	0	0	0	0	0	0	0	0	0	0	0	1	0	0	0	0	0	0	0	0	0	0																					4657	0																3185											5077	8535		1879	5137	3758	6213		120	320		1015	1067		626	428	1253	1035		120	320		320	200		500	100	740	320		120	320		2858	2818		760	1039	2179	2858		120	320		5	8		3	12	3	6		1	1		6472	596		16247	1475	596	0		6852	1655		320	840		620	140	840	536		120	320		Material_Students		0	0		0	0	0	0		0	0																																			0	0		0	0	0	0		0	0																								5077	8795		1979	5477	3998	6634		120	320		1015	1466		1979	782	1999	1327		120	320		320	360		1979	140	840	320		120	320		2858	3158		1979	2079	3158	3800		120	320		5	6		1	7	2	5		1	1		6472	596		16247	1475	596	0		6852	1655		320	840		1979	140	840	536		120	320		5317	9035		1999	5717	4138	6774		180	360		1063	1506		1999	817	2069	1355		180	360		340	400		1999	180	899	360		180	360		2938	3238		1999	2139	3238	3820		180	360		5	6		1	7	2	5		1	1		6452	536		16227	1435	536	0		6792	1615		340	899		1999	180	899	536		180	360		24306	760	32	840	4.29377	28	229.94	104.38	394.56	75.71	9.84	4.09	21.72	275.54	536	357.09	303.59	252.65	16.84	0	1		2	4	0	0		0	0		6452	536		16227	1435	536	5213		6792	1615		6792	1435			1615	1435	536		6972	1975		180.94	303.59		125.37	230.1	303.59	232.33		328.47	260.48		328.47	230.1			260.48	230.1	303.59		279.74	394.56	
Recording064	ProVisioNET_study_109_01	Male	Novice	Heckling	1	fullstream	1986	712621	0	0	0	0	0	0	0	0	0	0	0	0	0	0	0	0	0	0	0	0	0	0	0	0	1	0	0	0	0	0	0	0	0	0	0	0	0	0	0	0	0	0	0	0	0	0	0	0																									0																															1986											1986											1986											1986											1											0											1986				Material_Teacher	Material_Teacher								0																																												0																																	1986											1986											1986											1986											1											0											1986											1986											1986											1986											1986											1											0											1986				0		0			0																					0																																															
Recording064	ProVisioNET_study_109_01	Male	Novice	Heckling_fix	1	fullstream	30000	712621	0	0	0	0	0	0	0	0	0	0	0	0	0	0	0	0	0	0	0	0	0	0	0	1	1	0	0	0	0	0	0	0	0	0	0	0	0	0	1	0	0	0	0	0	0	0	0	0																								1986	0														1986										2758	4597	3478	1100	2479		500	11031				552	511	580	220	207		167	613				200	100	260	80	100		80	140				840	879	1719	540	620		320	2678				5	9	6	5	12		3	18				14689	5214	16028	9032	5994		18367	0				840	740	260	540	160		320	1996				Carl(a)	Carl(a)	0	0	0	0	0		0	0																																					0	0	0	0	0		0	0																										2758	4617	3558	1120	2738		660	11631				552	577	1779	280	342		660	3877				200	180	620	80	120		660	2678				840	879	2938	540	1099		660	4995				5	8	2	4	8		1	3				14689	5214	16028	9032	5994		18367	0				840	740	620	540	160		660	4995				3078	5097	3678	1280	3138		700	11651				616	637	1839	320	392		700	3884				240	240	680	140	200		700	2698				899	939	2998	600	1159		700	4995				5	8	2	4	8		1	3				14629	5114	15968	8972	5954		18327	0				899	840	680	600	200		700	4995				19668	410	48	2678	4.4138	44	252.11	102.05	440.02	95.05	8.98	1.5	27.78	395.08	1996	276.49	170.53	155.28	2.69	0	0	3	1	3		1	13				14629	9572	22484	8972	5954		18327					17187	5954	25483	9572	14149		19026	8972				392.38	350.93	310.62	374.64	272.28		211.48					390.01	272.28	346.47	350.93	236		261.6	374.64			
Recording064	ProVisioNET_study_109_01	Male	Novice	Lesson	1	fullstream	1067740	454188	0	0	1	0	0	0	0	1	1	1	1	1	1	1	1	1	1	1	1	1	1	1	1	1	1	0	1	0	0	0	1	1	1	1	1	1	1	1	1	1	1	1	1	1	1	1	1	1			13527					919703	894435	889703	738720	716493	708720	378336	358135	348336	829011	802527	798819	649322	623979	619322	288433	260418	258432		0				558072	540291	528371	893636	714710	355970	800828	622506	260418	537976	439179	171297	467837	440178	437836	197684	172181	167684	150871	237229	130024	98402	130423	37058	53628	90087	4637	2878		887	941	605	787	378	1123	589	738	386	221		80	80	80	80	60	80	80	100	120	140		4098	4357	4337	6816	3718	4098	6916	6436	1179	340		170	252	215	125	345	33	91	122	12	13		840	2059	78395	460	220	167283	276799	6777	170621	15332		260	160	420	160	220	1279	320	240	240	140		Bianca	Bianca	0	0	0	0	0	0	0	0	0	0																																			0	0	0	0	0	0	0	0	0	0																								153849	243765	135640	101560	145235	39976	56187	99082	4637	2878		1076	1237	1577	1224	715	2665	814	2831	386	221		100	100	80	140	80	120	80	140	120	140		6956	7536	9294	12213	9394	6576	7296	18469	1179	340		143	197	86	83	203	15	69	35	12	13		840	2059	78395	460	220	167283	276799	6777	170621	15332		1179	160	1159	360	220	1279	660	240	240	140		160885	253320	138878	105338	154709	40856	58805	100341	5037	3498		1125	1286	1615	1269	762	2724	852	2867	420	269		120	140	120	140	80	180	100	140	160	180		7016	7555	9314	12273	9434	6636	7336	18489	1199	420		143	197	86	83	203	15	69	35	12	13		820	2019	78375	440	200	167223	276759	6777	170581	15292		1199	200	1179	380	240	1339	700	240	280	180		758173	651	1165	200	4.25417	880	234.84	100.07	524.54	97.02	8.99	0.52	37.24	7910.86	200	94.18	103.34	103.34	3.37	11	22	103	27	101	8	15	74	0	0		820	2019	118692	440	200	167223	276759	124788	170581	15292		2019	2219	283915	820	440	168562	277459	129565	383517	58646		160.48	291.69	476.34	135.88	103.34	340.92	211.48	410.32	240.97	157.07		291.69	306.15	346.47	160.48	135.88	238.76	261.6	224.74	251.1	421.37	
Recording064	ProVisioNET_study_109_01	Male	Novice	Letter_search	1	fullstream	5434	1624834	0	0	0	0	0	0	0	0	0	0	0	0	0	0	0	0	0	0	0	0	0	0	0	0	0	0	0	0	0	1	0	0	0	0	0	0	0	0	0	0	0	0	0	0	0	0	0	0																														0																																																																																																																																																																																																																																																																																																																																									2199	200	11	80	4.6322	8	332.38	115.25	554.83	177.64	18.53	1.93	46.81	148.21	1383	224.72	497.83	349.96	23.29																																																							
Recording064	ProVisioNET_study_109_01	Male	Novice	Letter_search_fix	1	fullstream	18406	1624834	0	0	0	0	0	0	0	0	0	0	0	0	0	0	0	0	0	0	0	0	0	0	0	0	0	0	0	0	1	1	0	0	0	0	0	0	0	0	0	0	0	0	0	0	0	0	0	0																													5434	0																																																																																																																																																																																																																																																																																																																																									7256	403	18	80	4.49174	13	275.12	115.25	554.83	158.39	14.49	1.93	46.81	188.32	1383	224.72	497.83	349.96	23.29																																																							
Recording064	ProVisioNET_study_109_01	Male	Novice	Looking_at_phone	1	fullstream	11919	982560	0	0	0	0	0	0	0	0	0	0	0	0	0	0	0	0	0	0	0	0	0	0	0	0	0	0	0	0	0	0	0	0	1	0	0	0	0	0	0	1	0	0	0	0	0	0	0	0																																	0							9605									2399	2079	2259	760	3138	3898						1199	2079	323	380	1569	974						820	2079	60	360	300	300						1579	2079	959	400	2838	2838						2	1	7	2	2	4						1679	5737	0	7875	8755	7875						820	2079	60	400	300	400						Classroom_Others,Disruptive_Person		0	0	0	0	0	0																																							0	0	0	0	0	0																												2399	2079	2419	820	3158	4044						1199	2079	1209	820	3158	4044						820	2079	1039	820	3158	4044						1579	2079	1379	820	3158	4044						2	1	2	1	1	1						1679	5737	0	7875	8755	7875						820	2079	1379	820	3158	4044						2538	2139	2419	879	3218	4104						1269	2139	1209	879	3218	4104						939	2139	1039	879	3218	4104						1599	2139	1379	879	3218	4104						2	1	2	1	1	1						1559	5677	0	7815	8695	7815						939	2139	1379	879	3218	4104						10474	873	12	300	4.15678	10	234.9	113.89	422.72	107.91	7.99	1.53	16.38	79.93	60	189.24	187.3	153.82	1.82	0	0	5	1	1	3							5677		7815	8695	7815						5677	7815		8695									328.72		374.78	422.72	374.78						328.72	374.78		422.72							
Recording064	ProVisioNET_study_109_01	Male	Novice	Looking_at_phone_fix	1	fullstream	29700	982560	0	0	0	0	0	0	0	0	0	0	0	0	0	0	0	0	0	0	0	0	0	0	0	0	0	0	0	0	0	0	0	1	1	0	0	0	0	0	0	1	0	0	0	0	0	0	0	0																																11919	0							9605									3376	6596	2898	8515	3918	4038						844	1649	290	1419	653	808						238	260	60	140	100	140						1579	3518	959	4517	2838	2838						4	4	10	6	6	5						1679	5737	0	7875	8755	7875						820	2079	60	400	300	400						Anna	Anna	0	0	0	0	0	0																																							0	0	0	0	0	0																												3376	6596	3078	8575	4257	4417						844	1649	770	1715	1419	4417						238	260	220	140	400	4417						1579	3518	1379	4517	3158	4417						4	4	4	5	3	1						1679	5737	0	7875	8755	7875						820	2079	1379	820	3158	4417						3596	6776	3158	8775	4397	4477						899	1694	790	1755	1466	4477						298	260	260	140	440	4477						1599	3578	1379	4557	3218	4477						4	4	4	5	3	1						1559	5677	0	7815	8695	7815						939	2139	1379	879	3218	4477						24805	954	26	300	4.27282	17	257.11	105.4	422.72	107.72	7.59	1.53	16.38	129.1	60	189.24	187.3	153.82	1.82	0	0	6	1	2	3						29403	5677	22027	7815	8695	7815						5677	7815		8695	22027							329.58	328.72	343.55	374.78	422.72	374.78						328.72	374.78		422.72	343.55						
Recording064	ProVisioNET_study_109_01	Male	Novice	Snipping_with_fingers	1	fullstream	2342	892025	0	0	0	0	0	0	0	0	0	0	0	0	0	0	0	0	0	0	0	0	0	0	0	0	0	0	0	0	0	0	0	0	0	0	0	0	0	0	0	0	1	0	0	0	1	0	0	0																																									1342				0				1994	288		0		1994						1994	288				1994						1994	288				1994						1994	288				1994						1	1		0		1						348	0				348						1994	288				1994						Anna,Disruptive_Person	Anna,Disruptive_Person	0	0		0		0																																							0	0		0		0																												1994	288		0		1994						1994	288				1994						1994	288				1994						1994	288				1994						1	1		0		1						348	0				348						1994	288				1994						2054	288		0		2054						2054	288				2054						2054	288				2054						2054	288				2054						1	1		0		1						288	0				288						2054	288				2054						0		0			1	327.23	327.23	327.23		6.27	6.27	6.27	6.27	288	182.72	327.23	265.24	6.27	0	0		0		0						288					288							288										327.23					327.23							327.23									
Recording064	ProVisioNET_study_109_01	Male	Novice	Snpping_with_fingers_fix	1	fullstream	30000	892025	0	0	0	0	0	0	0	0	0	0	0	0	0	0	0	0	0	0	0	0	0	0	0	0	0	0	0	0	0	0	0	0	0	0	0	0	0	0	0	0	1	0	0	1	1	0	0	0																																									1342			2342	0				8205	1727	1559	14871	580	6296						1641	432	223	2124	290	3148						360	288	80	320	180	2199						4098	560	480	6816	400	4098						5	4	7	7	2	2						348	0	12001	7824	7384	348						4098	288	80	400	400	4098						Anna	Anna	0	0	0	0	0	0																																							0	0	0	0	0	0																												8505	1727	1699	15071	580	6576						2835	432	566	3014	290	6576						360	288	80	320	180	6576						6956	560	1139	10774	400	6576						3	4	3	5	2	1						348	0	12001	7824	7384	348						6956	288	80	2818	400	6576						8645	1887	1739	15251	700	6636						2882	472	580	3050	350	6636						380	288	120	360	220	6636						7016	620	1139	10794	480	6636						3	4	3	5	2	1						288	0	11961	7784	7304	288						7016	288	120	2858	480	6636						11853	659	18	4098	4.38191	14	282.64	127.51	507.26	111.59	11.01	0.82	24.35	154.17	288	182.72	327.23	265.24	6.27	0	0	4	0	0	0						288	10642		7784	7304	288						7304	288	12081	10642	7784							327.23	398.43		208.98	507.26	327.23						507.26	327.23	127.51	398.43	208.98						
Recording064	ProVisioNET_study_109_01	Male	Novice	Whispering	1	fullstream	4497	621872	0	0	0	0	0	0	0	0	0	0	0	0	0	0	0	0	0	0	0	0	0	0	0	0	0	0	0	0	0	0	0	0	0	0	0	0	0	0	0	0	0	1	0	0	0	0	0	1																																										3613						0	1579	720		720	240	1398			240	160		395	360		720	120	466			240	160		120	100		720	80	120			240	160		878	620		720	160	878			240	160		4	2		1	2	3			1	1		0	918		1058	3317	0			2937	3537		878	100		720	80	878			240	160		Anna	Anna	0	0		0	0	0			0	0																																			0	0		0	0	0			0	0																								1579	720		720	240	1398			240	160		395	360		720	120	466			240	160		120	100		720	80	120			240	160		878	620		720	160	878			240	160		4	2		1	2	3			1	1		0	918		1058	3317	0			2937	3537		878	100		720	80	878			240	160		1779	819		760	280	1498			280	220		445	410		760	140	499			280	220		180	140		760	80	180			280	220		878	680		760	200	878			280	220		4	2		1	2	3			1	1		0	878		1018	3317	0			2897	3477		878	140		760	80	878			280	220		2519	315	8	100	4.48303	7	275.27	180.1	392.22	70.34	10.49	5.08	18.36	73.46	878	347.33	238.76	180.62	11.19	0	0		0	0	0			0	0		2457	878		1018	3877	2457			2897			878	1018		1778		878				3697		180.1	238.76		332.24	247.18	180.1			240.97			238.76	332.24		392.22		238.76				295.42	
Recording064	ProVisioNET_study_109_01	Male	Novice	Whispering_fix	1	fullstream	30000	621872	0	0	0	0	0	0	0	0	0	0	0	0	0	0	0	0	0	0	0	0	0	0	0	0	0	0	0	0	0	0	0	0	0	0	0	0	0	0	0	0	0	1	0	0	0	0	1	1																																										3613					4497	0	4296	16370	280	1659	640	1398		2597	240	300		859	1364	280	830	160	466		1298	240	150		120	80	280	720	80	120		180	240	140		2618	4138	280	939	320	878		2417	240	160		5	12	1	2	4	3		2	1	2		0	918	11012	1058	3317	0		19827	2937	3537		878	100	280	720	80	878		180	240	160		Material_Teacher	Material_Teacher	0	0	0	0	0	0		0	0	0																																			0	0	0	0	0	0		0	0	0																								4296	16770	280	1659	640	1398		2597	240	300		859	1863	280	830	160	466		1298	240	150		120	100	280	720	80	120		180	240	140		2618	4577	280	939	320	878		2417	240	160		5	9	1	2	4	3		2	1	2		0	918	11012	1058	3317	0		19827	2937	3537		878	100	280	720	80	878		180	240	160		4556	17110	340	1759	700	1498		2697	280	420		911	1901	340	879	175	499		1348	280	210		180	140	340	760	80	180		260	280	200		2718	4597	340	999	340	878		2437	280	220		5	9	1	2	4	3		2	1	2		0	878	10953	1018	3317	0		19747	2897	3477		878	140	340	760	80	878		260	280	220		20368	886	23	100	4.32546	15	282.52	111.28	439.43	101.66	11.01	2.42	21.41	165.15	878	347.33	238.76	180.62	11.19	0	1	0	0	0	0		0	0	0		2457	878		1018	3877	2457		19747	2897	9473		878	1018		1778	15150	878				3697		180.1	238.76		332.24	247.18	180.1		402.94	240.97	439.43		238.76	332.24		392.22	111.28	238.76				295.42	
>>>>>>> Stashed changes
Recording064	ProVisioNET_study_109_01	Male	Novice	snapshop_A_nametag	1	snapshop_A_nametag	240	624809	0	0	0	0	0	0	0	0	0	0	0	0	0	0	0	0	0	0	0	0	0	0	0	0	0	0	0	0	0	0	0	0	0	0	0	0	0	0	0	0	0	0	0	0	0	0	0	0																																																									240											240											240											240											1											0											240			Nametag_Anna	Nametag_Anna									0																																												0																																	240											240											240											240											1											0											240											240											240											240											240											1											0											240			0		0			0																						0																																														
Recording064	ProVisioNET_study_109_01	Male	Novice	snapshop_A_nametag	2	snapshop_A_nametag	720	836985	0	0	0	0	0	0	0	0	0	0	0	0	0	0	0	0	0	0	0	0	0	0	0	0	0	0	0	0	0	0	0	0	0	0	0	0	0	0	0	0	0	0	0	0	0	0	0	0																																																									720											720											720											720											1											0											720			Nametag_Anna	Nametag_Anna									0																																												0																																	720											720											720											720											1											0											720											720											720											720											720											1											0											720			0		0			0																						0																																														
Recording064	ProVisioNET_study_109_01	Male	Novice	snapshop_A_nametag	3	snapshop_A_nametag	120	858213	0	0	0	0	0	0	0	0	0	0	0	0	0	0	0	0	0	0	0	0	0	0	0	0	0	0	0	0	0	0	0	0	0	0	0	0	0	0	0	0	0	0	0	0	0	0	0	0																																																									120											120											120											120											1											0											120			Nametag_Anna	Nametag_Anna									0																																												0																																	120											120											120											120											1											0											120											120											120											120											120											1											0											120			0		0			0																						0																																														
Recording064	ProVisioNET_study_109_01	Male	Novice	snapshop_A_nametag	4	snapshop_A_nametag	220	953477	0	0	0	0	0	0	0	0	0	0	0	0	0	0	0	0	0	0	0	0	0	0	0	0	0	0	0	0	0	0	0	0	0	0	0	0	0	0	0	0	0	0	0	0	0	0	0	0																																																									220											220											220											220											1											0											220			Nametag_Anna	Nametag_Anna									0																																												0																																	220											220											220											220											1											0											220											220											220											220											220											1											0											220			0		0			0																						0																																														
Recording064	ProVisioNET_study_109_01	Male	Novice	snapshop_A_nametag	5	snapshop_A_nametag	120	1080362	0	0	0	0	0	0	0	0	0	0	0	0	0	0	0	0	0	0	0	0	0	0	0	0	0	0	0	0	0	0	0	0	0	0	0	0	0	0	0	0	0	0	0	0	0	0	0	0																																																									120											120											120											120											1											0											120			Nametag_Anna	Nametag_Anna									0																																												0																																	120											120											120											120											1											0											120											120											120											120											120											1											0											120			0		0			0																						0																																														
Recording064	ProVisioNET_study_109_01	Male	Novice	snapshop_A_nametag	6	snapshop_A_nametag	1179	1149361	0	0	0	0	0	0	0	0	0	0	0	0	0	0	0	0	0	0	0	0	0	0	0	0	0	0	0	0	0	0	0	0	0	0	0	0	0	0	0	0	0	0	0	0	0	0	0	0																																																									1179											1179											1179											1179											1											0											1179			Nametag_Anna	Nametag_Anna									0																																												0																																	1179											1179											1179											1179											1											0											1179											1179											1179											1179											1179											1											0											1179			0		0			0																						0																																														
Recording064	ProVisioNET_study_109_01	Male	Novice	snapshop_A_nametag	7	snapshop_A_nametag	1499	1202190	0	0	0	0	0	0	0	0	0	0	0	0	0	0	0	0	0	0	0	0	0	0	0	0	0	0	0	0	0	0	0	0	0	0	0	0	0	0	0	0	0	0	0	0	0	0	0	0																																																									979											490											440											540											2											0											540			Nametag_Anna	Nametag_Anna									0																																												0																																	1499											1499											1499											1499											1											0											1499											1499											1499											1499											1499											1											0											1499			0		0			0																						2																																														
Recording064	ProVisioNET_study_109_01	Male	Novice	snapshop_A_nametag	8	snapshop_A_nametag	3758	1214123	0	0	0	0	0	0	0	0	0	0	0	0	0	0	0	0	0	0	0	0	0	0	0	0	0	0	0	0	0	0	0	0	0	0	0	0	0	0	0	0	0	0	0	0	0	0	0	0																																																									680											340											180											500											2											0											180			Nametag_Anna	Nametag_Anna									0																																												0																																	3758											3758											3758											3758											1											0											3758											3758											3758											3758											3758											1											0											3758			0		0			0																						6																																														
Recording064	ProVisioNET_study_109_01	Male	Novice	snapshop_A_nametag	9	snapshop_A_nametag	140	1254439	0	0	0	0	0	0	0	0	0	0	0	0	0	0	0	0	0	0	0	0	0	0	0	0	0	0	0	0	0	0	0	0	0	0	0	0	0	0	0	0	0	0	0	0	0	0	0	0																																																									140											140											140											140											1											0											140			Nametag_Anna	Nametag_Anna									0																																												0																																	140											140											140											140											1											0											140											140											140											140											140											1											0											140			0		0			0																						0																																														
Recording064	ProVisioNET_study_109_01	Male	Novice	snapshop_A_nametag	10	snapshop_A_nametag	240	1448303	0	0	0	0	0	0	0	0	0	0	0	0	0	0	0	0	0	0	0	0	0	0	0	0	0	0	0	0	0	0	0	0	0	0	0	0	0	0	0	0	0	0	0	0	0	0	0	0																																																									240											240											240											240											1											0											240			Nametag_Anna	Nametag_Anna									0																																												0																																	240											240											240											240											1											0											240											240											240											240											240											1											0											240			0		0			0																						0																																														
Recording064	ProVisioNET_study_109_01	Male	Novice	snapshop_B_nametag	1	snapshop_B_nametag	140	469520	0	0	0	0	0	0	0	0	0	0	0	0	0	0	0	0	0	0	0	0	0	0	0	0	0	0	0	0	0	0	0	0	0	0	0	0	0	0	0	0	0	0	0	0	0	0	0	0																																																										140											140											140											140											1											0											140		Nametag_Bianca	Nametag_Bianca										0																																												0																																	140											140											140											140											1											0											140											140											140											140											140											1											0											140		0		0			0																							0																																													
Recording064	ProVisioNET_study_109_01	Male	Novice	snapshop_B_nametag	2	snapshop_B_nametag	260	512575	0	0	0	0	0	0	0	0	0	0	0	0	0	0	0	0	0	0	0	0	0	0	0	0	0	0	0	0	0	0	0	0	0	0	0	0	0	0	0	0	0	0	0	0	0	0	0	0																																																										260											260											260											260											1											0											260		Nametag_Bianca	Nametag_Bianca										0																																												0																																	260											260											260											260											1											0											260											260											260											260											260											1											0											260		0		0			0																							0																																													
Recording064	ProVisioNET_study_109_01	Male	Novice	snapshop_B_nametag	3	snapshop_B_nametag	160	625409	0	0	0	0	0	0	0	0	0	0	0	0	0	0	0	0	0	0	0	0	0	0	0	0	0	0	0	0	0	0	0	0	0	0	0	0	0	0	0	0	0	1	0	0	0	0	0	0																																										76																160											160											160											160											1											0											160		Nametag_Bianca	Nametag_Bianca										0																																												0																																	160											160											160											160											1											0											160											160											160											160											160											1											0											160		0		0			0																							0																																													
Recording064	ProVisioNET_study_109_01	Male	Novice	snapshop_B_nametag	4	snapshop_B_nametag	140	631406	0	0	0	0	0	0	0	0	0	0	0	0	0	0	0	0	0	0	0	0	0	0	0	0	0	0	0	0	0	0	0	0	0	0	0	0	0	0	0	0	0	0	0	0	0	0	0	0																																																										140											140											140											140											1											0											140		Nametag_Bianca	Nametag_Bianca										0																																												0																																	140											140											140											140											1											0											140											140											140											140											140											1											0											140		0		0			0																							0																																													
Recording064	ProVisioNET_study_109_01	Male	Novice	snapshop_B_nametag	5	snapshop_B_nametag	340	972785	0	0	0	0	0	0	0	0	0	0	0	0	0	0	0	0	0	0	0	0	0	0	0	0	0	0	0	0	0	0	0	0	0	0	0	0	0	0	0	0	0	0	0	0	0	0	0	0																																																										340											340											340											340											1											0											340		Nametag_Bianca	Nametag_Bianca										0																																												0																																	340											340											340											340											1											0											340											340											340											340											340											1											0											340		0		0			0																							0																																													
Recording064	ProVisioNET_study_109_01	Male	Novice	snapshop_B_nametag	6	snapshop_B_nametag	320	1075165	0	0	0	0	0	0	0	0	0	0	0	0	0	0	0	0	0	0	0	0	0	0	0	0	0	0	0	0	0	0	0	0	0	0	0	0	0	0	0	0	0	0	0	0	0	0	0	0																																																										320											320											320											320											1											0											320		Nametag_Bianca	Nametag_Bianca										0																																												0																																	320											320											320											320											1											0											320											320											320											320											320											1											0											320		0		0			0																							0																																													
Recording064	ProVisioNET_study_109_01	Male	Novice	snapshop_B_nametag	7	snapshop_B_nametag	320	1121997	0	0	0	0	0	0	0	0	0	0	0	0	0	0	0	0	0	0	0	0	0	0	0	0	0	0	0	0	0	0	0	0	0	0	0	0	0	0	0	0	0	0	0	0	0	0	0	0																																																										320											320											320											320											1											0											320		Nametag_Bianca	Nametag_Bianca										0																																												0																																	320											320											320											320											1											0											320											320											320											320											320											1											0											320		0		0			0																							0																																													
Recording064	ProVisioNET_study_109_01	Male	Novice	snapshop_B_nametag	8	snapshop_B_nametag	200	1168430	0	0	0	0	0	0	0	0	0	0	0	0	0	0	0	0	0	0	0	0	0	0	0	0	0	0	0	0	0	0	0	0	0	0	0	0	0	0	0	0	0	0	0	0	0	0	0	0																																																										200											200											200											200											1											0											200		Nametag_Bianca	Nametag_Bianca										0																																												0																																	200											200											200											200											1											0											200											200											200											200											200											1											0											200		0		0			0																							0																																													
Recording064	ProVisioNET_study_109_01	Male	Novice	snapshop_B_nametag	9	snapshop_B_nametag	4777	1226795	0	0	0	0	0	0	0	0	0	0	0	0	0	0	0	0	0	0	0	0	0	0	0	0	0	0	0	0	0	0	0	0	0	0	0	0	0	0	0	0	0	0	0	0	0	0	0	0																																																										800											200											140											320											4											0											160		Nametag_Bianca	Nametag_Bianca										0																																												0																																	4777											4777											4777											4777											1											0											4777											4777											4777											4777											4777											1											0											4777		0		0			0																							9																																													
Recording064	ProVisioNET_study_109_01	Male	Novice	snapshop_B_nametag	10	snapshop_B_nametag	200	1354239	0	0	0	0	0	0	0	0	0	0	0	0	0	0	0	0	0	0	0	0	0	0	0	0	0	0	0	0	0	0	0	0	0	0	0	0	0	0	0	0	0	0	0	0	0	0	0	0																																																										200											200											200											200											1											0											200		Nametag_Bianca	Nametag_Bianca										0																																												0																																	200											200											200											200											1											0											200											200											200											200											200											1											0											200		0		0			0																							0																																													
Recording064	ProVisioNET_study_109_01	Male	Novice	snapshop_board_screen	1	snapshop_board_screen	42235	532583	0	0	0	0	0	0	0	0	0	0	0	0	0	0	0	0	0	0	0	0	0	0	0	0	0	0	0	0	0	0	0	0	0	0	0	0	0	0	0	0	0	0	0	0	0	0	0	0																																																			16131											597											80											4158											27											0											420									Board_Screen	Board_Screen			0																																												0																																	42235											42235											42235											42235											1											0											42235											42235											42235											42235											42235											1											0											42235									0		0			0																24																																																				
Recording064	ProVisioNET_study_109_01	Male	Novice	snapshop_board_screen	2	snapshop_board_screen	500	586792	0	0	0	0	0	0	0	0	0	0	0	0	0	0	0	0	0	0	0	0	0	0	0	0	0	0	0	0	0	0	0	0	0	0	0	0	0	0	0	0	0	0	0	0	0	0	0	0																																																			460											153											80											220											3											0											80									Board_Screen	Board_Screen			0																																												0																																	500											500											500											500											1											0											500											500											500											500											500											1											0											500									0		0			0																0																																																				
Recording064	ProVisioNET_study_109_01	Male	Novice	snapshop_board_screen	3	snapshop_board_screen	280	632885	0	0	0	0	0	0	0	0	0	0	0	0	0	0	0	0	0	0	0	0	0	0	0	0	0	0	0	0	0	0	0	0	0	0	0	0	0	0	0	0	0	0	0	0	0	0	0	0																																																			280											280											280											280											1											0											280									Board_Screen	Board_Screen			0																																												0																																	280											280											280											280											1											0											280											280											280											280											280											1											0											280									0		0			0																0																																																				
Recording064	ProVisioNET_study_109_01	Male	Novice	snapshop_board_screen	4	snapshop_board_screen	540	655212	0	0	0	0	0	0	0	0	0	0	0	0	0	0	0	0	0	0	0	0	0	0	0	0	0	0	0	0	0	0	0	0	0	0	0	0	0	0	0	0	0	0	0	0	0	0	0	0																																																			540											540											540											540											1											0											540									Board_Screen	Board_Screen			0																																												0																																	540											540											540											540											1											0											540											540											540											540											540											1											0											540									0		0			0																0																																																				
Recording064	ProVisioNET_study_109_01	Male	Novice	snapshop_board_screen	5	snapshop_board_screen	6816	661488	0	0	0	0	0	0	0	0	0	0	0	0	0	0	0	0	0	0	0	0	0	0	0	0	0	0	0	0	0	0	0	0	0	0	0	0	0	0	0	0	0	0	0	0	0	0	0	0																																																			1499											250											80											560											6											0											280									Board_Screen	Board_Screen			0																																												0																																	6816											6816											6816											6816											1											0											6816											6816											6816											6816											6816											1											0											6816									0		0			0																3																																																				
Recording064	ProVisioNET_study_109_01	Male	Novice	snapshop_board_screen	6	snapshop_board_screen	1239	687333	0	0	0	0	0	0	0	0	0	0	0	0	0	0	0	0	0	0	0	0	0	0	0	0	0	0	0	0	0	0	0	0	0	0	0	0	0	0	0	0	0	0	0	0	0	0	0	0																																																			1119											373											80											859											3											0											80									Board_Screen	Board_Screen			0																																												0																																	1239											1239											1239											1239											1											0											1239											1239											1239											1239											1239											1											0											1239									0		0			0																2																																																				
Recording064	ProVisioNET_study_109_01	Male	Novice	snapshop_board_screen	7	snapshop_board_screen	2698	701984	0	0	0	0	0	0	0	0	0	0	0	0	0	0	0	0	0	0	0	0	0	0	0	0	0	0	0	0	0	0	0	0	0	0	0	0	0	0	0	0	0	0	0	0	0	0	0	0																																																			2519											630											300											1099											4											0											520									Board_Screen	Board_Screen			0																																												0																																	2698											2698											2698											2698											1											0											2698											2698											2698											2698											2698											1											0											2698									0		0			0																3																																																				
Recording064	ProVisioNET_study_109_01	Male	Novice	snapshop_board_screen	8	snapshop_board_screen	620	728649	0	0	0	0	0	0	0	0	0	0	0	0	0	0	0	0	0	0	0	0	0	0	0	0	0	0	0	0	0	0	0	0	0	0	0	0	0	0	0	0	0	0	0	0	0	0	0	0																																																			600											300											260											340											2											0											260									Board_Screen	Board_Screen			0																																												0																																	620											620											620											620											1											0											620											620											620											620											620											1											0											620									0		0			0																1																																																				
Recording064	ProVisioNET_study_109_01	Male	Novice	snapshop_board_screen	9	snapshop_board_screen	2938	735165	0	0	0	0	0	0	0	0	0	0	0	0	0	0	0	0	0	0	0	0	0	0	0	0	0	0	0	0	0	0	0	0	0	0	0	0	0	0	0	0	0	0	0	0	0	0	0	0																																																			2878											720											280											1719											4											0											280									Board_Screen	Board_Screen			0																																												0																																	2938											2938											2938											2938											1											0											2938											2938											2938											2938											2938											1											0											2938									0		0			0																2																																																				
Recording064	ProVisioNET_study_109_01	Male	Novice	snapshop_board_screen	10	snapshop_board_screen	23986	744020	0	0	0	0	0	0	0	0	0	0	0	0	0	0	0	0	0	0	0	0	0	0	0	0	0	0	0	0	0	0	0	0	0	0	0	0	0	0	0	0	0	0	0	0	0	0	0	0																																																			11493											1277											140											3218											9											0											3218									Board_Screen	Board_Screen			0																																												0																																	23986											23986											23986											23986											1											0											23986											23986											23986											23986											23986											1											0											23986									0		0			0																20																																																				
Recording064	ProVisioNET_study_109_01	Male	Novice	snapshop_board_screen	11	snapshop_board_screen	17030	775701	0	0	0	0	0	0	0	0	0	0	0	0	0	0	0	0	0	0	0	0	0	0	0	0	0	0	0	0	0	0	0	0	0	0	0	0	0	0	0	0	0	0	0	0	0	0	0	0																																																			9854											896											80											4337											11											100											140									Board_Screen	Board_Screen			0																																												0																																	17030											17030											17030											17030											1											0											17030											17030											17030											17030											17030											1											0											17030									0		0			0																18																																																				
Recording064	ProVisioNET_study_109_01	Male	Novice	snapshop_board_screen	12	snapshop_board_screen	2479	799767	0	0	0	0	0	0	0	0	0	0	0	0	0	0	0	0	0	0	0	0	0	0	0	0	0	0	0	0	0	0	0	0	0	0	0	0	0	0	0	0	0	0	0	0	0	0	0	0																																																			2439											1219											999											1439											2											0											1439									Board_Screen	Board_Screen			0																																												0																																	2479											2479											2479											2479											1											0											2479											2479											2479											2479											2479											1											0											2479									0		0			0																1																																																				
Recording064	ProVisioNET_study_109_01	Male	Novice	snapshop_board_screen	13	snapshop_board_screen	17630	814338	0	0	0	0	0	0	0	0	0	0	0	0	0	0	0	0	0	0	0	0	0	0	0	0	0	0	0	0	0	0	0	0	0	0	0	0	0	0	0	0	0	0	0	0	0	0	0	0																																																			10514											809											80											2339											13											0											620									Board_Screen	Board_Screen			0																																												0																																	17630											17630											17630											17630											1											0											17630											17630											17630											17630											17630											1											0											17630									0		0			0																15																																																				
Recording064	ProVisioNET_study_109_01	Male	Novice	snapshop_board_screen	14	snapshop_board_screen	740	838524	0	0	0	0	0	0	0	0	0	0	0	0	0	0	0	0	0	0	0	0	0	0	0	0	0	0	0	0	0	0	0	0	0	0	0	0	0	0	0	0	0	0	0	0	0	0	0	0																																																			740											740											740											740											1											0											740									Board_Screen	Board_Screen			0																																												0																																	740											740											740											740											1											0											740											740											740											740											740											1											0											740									0		0			0																0																																																				
Recording064	ProVisioNET_study_109_01	Male	Novice	snapshop_board_screen	15	snapshop_board_screen	220	850817	0	0	0	0	0	0	0	0	0	0	0	0	0	0	0	0	0	0	0	0	0	0	0	0	0	0	0	0	0	0	0	0	0	0	0	0	0	0	0	0	0	0	0	0	0	0	0	0																																																			220											220											220											220											1											0											220									Board_Screen	Board_Screen			0																																												0																																	220											220											220											220											1											0											220											220											220											220											220											1											0											220									0		0			0																0																																																				
Recording064	ProVisioNET_study_109_01	Male	Novice	snapshop_board_screen	16	snapshop_board_screen	7236	856374	0	0	0	0	0	0	0	0	0	0	0	0	0	0	0	0	0	0	0	0	0	0	0	0	0	0	0	0	0	0	0	0	0	0	0	0	0	0	0	0	0	0	0	0	0	0	0	0																																																			3218											536											200											1239											6											0											1239									Board_Screen	Board_Screen			0																																												0																																	7236											7236											7236											7236											1											0											7236											7236											7236											7236											7236											1											0											7236									0		0			0																16																																																				
Recording064	ProVisioNET_study_109_01	Male	Novice	snapshop_board_screen	17	snapshop_board_screen	280	878601	0	0	0	0	0	0	0	0	0	0	0	0	0	0	0	0	0	0	0	0	0	0	0	0	0	0	0	0	0	0	0	0	0	0	0	0	0	0	0	0	0	0	0	0	0	0	0	0																																																			260											130											100											160											2											0											160									Board_Screen	Board_Screen			0																																												0																																	280											280											280											280											1											0											280											280											280											280											280											1											0											280									0		0			0																0																																																				
Recording064	ProVisioNET_study_109_01	Male	Novice	snapshop_board_screen	18	snapshop_board_screen	2998	904026	0	0	0	0	0	0	0	0	0	0	0	0	0	0	0	0	0	0	0	0	0	0	0	0	0	0	0	0	0	0	0	0	0	0	0	0	0	0	0	0	0	0	0	0	0	0	0	0																																																			1559											223											80											480											7											0											80									Board_Screen	Board_Screen			0																																												0																																	2998											2998											2998											2998											1											0											2998											2998											2998											2998											2998											1											0											2998									0		0			0																5																																																				
Recording064	ProVisioNET_study_109_01	Male	Novice	snapshop_board_screen	19	snapshop_board_screen	780	928571	0	0	0	0	0	0	0	0	0	0	0	0	0	0	0	0	0	0	0	0	0	0	0	0	0	0	0	0	0	0	0	0	0	0	0	0	0	0	0	0	0	0	0	0	0	0	0	0																																																			760											380											200											560											2											0											560									Board_Screen	Board_Screen			0																																												0																																	780											780											780											780											1											0											780											780											780											780											780											1											0											780									0		0			0																1																																																				
Recording064	ProVisioNET_study_109_01	Male	Novice	snapshop_board_screen	20	snapshop_board_screen	480	957654	0	0	0	0	0	0	0	0	0	0	0	0	0	0	0	0	0	0	0	0	0	0	0	0	0	0	0	0	0	0	0	0	0	0	0	0	0	0	0	0	0	0	0	0	0	0	0	0																																																			400											200											160											240											2											40											240									Board_Screen	Board_Screen			0																																												0																																	480											480											480											480											1											0											480											480											480											480											480											1											0											480									0		0			0																1																																																				
Recording064	ProVisioNET_study_109_01	Male	Novice	snapshop_board_screen	21	snapshop_board_screen	11313	974984	0	0	0	0	0	0	0	0	0	0	0	0	0	0	0	0	0	0	0	0	0	0	0	0	0	0	0	0	0	0	0	0	1	0	0	0	0	0	0	0	0	0	0	0	0	0	0	0																																	7576																		3918											326											100											959											12											0											120									Board_Screen	Board_Screen			0																																												0																																	11313											11313											11313											11313											1											0											11313											11313											11313											11313											11313											1											0											11313									0		0			0																12																																																				
Recording064	ProVisioNET_study_109_01	Male	Novice	snapshop_board_screen	22	snapshop_board_screen	2718	1004627	0	0	0	0	0	0	0	0	0	0	0	0	0	0	0	0	0	0	0	0	0	0	0	0	0	0	0	0	0	0	0	0	0	0	0	0	0	0	0	0	0	0	0	0	0	0	0	0																																																			640											213											180											240											3											0											220									Board_Screen	Board_Screen			0																																												0																																	2718											2718											2718											2718											1											0											2718											2718											2718											2718											2718											1											0											2718									0		0			0																2																																																				
Recording064	ProVisioNET_study_109_01	Male	Novice	snapshop_board_screen	23	snapshop_board_screen	2059	1014241	0	0	0	0	0	0	0	0	0	0	0	0	0	0	0	0	0	0	0	0	0	0	0	0	0	0	0	0	0	0	0	0	0	0	0	0	0	0	0	0	0	0	0	0	0	0	0	0																																																			720											240											80											400											3											0											80									Board_Screen	Board_Screen			0																																												0																																	2059											2059											2059											2059											1											0											2059											2059											2059											2059											2059											1											0											2059									0		0			0																1																																																				
Recording064	ProVisioNET_study_109_01	Male	Novice	snapshop_board_screen	24	snapshop_board_screen	7795	1028472	0	0	0	0	0	0	0	0	0	0	0	0	0	0	0	0	0	0	0	0	0	0	0	0	0	0	0	0	0	0	0	0	0	0	0	0	0	0	0	0	0	0	0	0	0	0	0	0																																																			1519											304											80											500											5											0											500									Board_Screen	Board_Screen			0																																												0																																	7795											7795											7795											7795											1											0											7795											7795											7795											7795											7795											1											0											7795									0		0			0																7																																																				
Recording064	ProVisioNET_study_109_01	Male	Novice	snapshop_board_screen	25	snapshop_board_screen	240	1269290	0	0	0	0	0	0	0	0	0	0	0	0	0	0	0	0	0	0	0	0	0	0	0	0	0	0	0	0	0	0	0	0	0	0	0	0	0	0	0	0	0	0	0	0	0	0	0	0																																																			240											240											240											240											1											0											240									Board_Screen	Board_Screen			0																																												0																																	240											240											240											240											1											0											240											240											240											240											240											1											0											240									0		0			0																0																																																				
Recording064	ProVisioNET_study_109_01	Male	Novice	snapshop_board_screen	26	snapshop_board_screen	6356	1306428	0	0	0	0	0	0	0	0	0	0	0	0	0	0	0	0	0	0	0	0	0	0	0	0	0	0	0	0	0	0	0	0	0	0	0	0	0	0	0	0	0	0	0	0	0	0	0	0																																																			2618											1309											1219											1399											2											0											1219									Board_Screen	Board_Screen			0																																												0																																	6356											6356											6356											6356											1											0											6356											6356											6356											6356											6356											1											0											6356									0		0			0																2																																																				
Recording064	ProVisioNET_study_109_01	Male	Novice	snapshop_board_screen	27	snapshop_board_screen	7016	1318701	0	0	0	0	0	0	0	0	0	0	0	0	0	0	0	0	0	0	0	0	0	0	0	0	0	0	0	0	0	0	0	0	0	0	0	0	0	0	0	0	0	0	0	0	0	0	0	0																																																			3478											580											200											1739											6											0											540									Board_Screen	Board_Screen			0																																												0																																	7016											7016											7016											7016											1											0											7016											7016											7016											7016											7016											1											0											7016									0		0			0																4																																																				
Recording064	ProVisioNET_study_109_01	Male	Novice	snapshop_board_screen	28	snapshop_board_screen	5497	1365613	0	0	0	0	0	0	0	0	0	0	0	0	0	0	0	0	0	0	0	0	0	0	0	0	0	0	0	0	0	0	0	0	0	0	0	0	0	0	0	0	0	0	0	0	0	0	0	0																																																			2239											448											160											660											5											0											600									Board_Screen	Board_Screen			0																																												0																																	5497											5497											5497											5497											1											0											5497											5497											5497											5497											5497											1											0											5497									0		0			0																2																																																				
Recording064	ProVisioNET_study_109_01	Male	Novice	snapshop_board_screen	29	snapshop_board_screen	14212	1377386	0	0	0	0	0	0	0	0	0	0	0	0	0	0	0	0	0	0	0	0	0	0	0	0	0	0	0	0	0	0	0	0	0	0	0	0	0	0	0	0	0	0	0	0	0	0	0	0																																																			9015											474											80											1619											19											0											120									Board_Screen	Board_Screen			0																																												0																																	14212											14212											14212											14212											1											0											14212											14212											14212											14212											14212											1											0											14212									0		0			0																9																																																				
Recording064	ProVisioNET_study_109_01	Male	Novice	snapshop_board_screen	30	snapshop_board_screen	480	1400952	0	0	0	0	0	0	0	0	0	0	0	0	0	0	0	0	0	0	0	0	0	0	0	0	0	0	0	0	0	0	0	0	0	0	0	0	0	0	0	0	0	0	0	0	0	0	0	0																																																			380											190											100											280											2											0											100									Board_Screen	Board_Screen			0																																												0																																	480											480											480											480											1											0											480											480											480											480											480											1											0											480									0		0			0																0																																																				
Recording064	ProVisioNET_study_109_01	Male	Novice	snapshop_board_screen	31	snapshop_board_screen	420	1411245	0	0	0	0	0	0	0	0	0	0	0	0	0	0	0	0	0	0	0	0	0	0	0	0	0	0	0	0	0	0	0	0	0	0	0	0	0	0	0	0	0	0	0	0	0	0	0	0																																																			420											420											420											420											1											0											420									Board_Screen	Board_Screen			0																																												0																																	420											420											420											420											1											0											420											420											420											420											420											1											0											420									0		0			0																0																																																				
Recording064	ProVisioNET_study_109_01	Male	Novice	snapshop_board_screen	32	snapshop_board_screen	999	1426416	0	0	0	0	0	0	0	0	0	0	0	0	0	0	0	0	0	0	0	0	0	0	0	0	0	0	0	0	0	0	0	0	0	0	0	0	0	0	0	0	0	0	0	0	0	0	0	0																																																			999											999											999											999											1											0											999									Board_Screen	Board_Screen			0																																												0																																	999											999											999											999											1											0											999											999											999											999											999											1											0											999									0		0			0																0																																																				
Recording064	ProVisioNET_study_109_01	Male	Novice	snapshop_board_screen	33	snapshop_board_screen	29742	1434811	0	0	0	0	0	0	0	0	0	0	0	0	0	0	0	0	0	0	0	0	0	0	0	0	0	0	0	0	0	0	0	0	0	0	0	0	0	0	0	0	0	0	0	0	0	0	0	0																																																			20448											786											80											4197											26											0											200									Board_Screen	Board_Screen			0																																												0																																	29742											29742											29742											29742											1											0											29742											29742											29742											29742											29742											1											0											29742									0		0			0																22																																																				
Recording064	ProVisioNET_study_109_01	Male	Novice	snapshop_board_screen	34	snapshop_board_screen	27124	1489379	0	0	0	0	0	0	0	0	0	0	0	0	0	0	0	0	0	0	0	0	0	0	0	0	0	0	0	0	0	0	0	0	0	0	0	0	0	0	0	0	0	0	0	0	0	0	0	0																																																			15911											723											80											2898											22											0											100									Board_Screen				0																																												0																																	27104											27104											27104											27104											1											0											27104											27104											27104											27104											27104											1											0											27104									0		0			0																21																																																				
Recording064	ProVisioNET_study_109_01	Male	Novice	snapshopt_material_students	1	snapshopt_material_students	660	730987	0	0	0	0	0	0	0	0	0	0	0	0	0	0	0	0	0	0	0	0	0	0	0	0	0	0	0	0	0	0	0	0	0	0	0	0	0	0	0	0	0	0	0	0	0	0	0	0																																																							500											167											80											320											3											0											320					Material_Students	Material_Students							0																																												0																																	660											660											660											660											1											0											660											660											660											660											660											1											0											660					0		0			0																				1																																																
Recording064	ProVisioNET_study_109_01	Male	Novice	snapshopt_material_students	2	snapshopt_material_students	320	751875	0	0	0	0	0	0	0	0	0	0	0	0	0	0	0	0	0	0	0	0	0	0	0	0	0	0	0	0	0	0	0	0	0	0	0	0	0	0	0	0	0	0	0	0	0	0	0	0																																																							320											320											320											320											1											0											320					Material_Students	Material_Students							0																																												0																																	320											320											320											320											1											0											320											320											320											320											320											1											0											320					0		0			0																				0																																																
Recording064	ProVisioNET_study_109_01	Male	Novice	snapshopt_material_students	3	snapshopt_material_students	160	759511	0	0	0	0	0	0	0	0	0	0	0	0	0	0	0	0	0	0	0	0	0	0	0	0	0	0	0	0	0	0	0	0	0	0	0	0	0	0	0	0	0	0	0	0	0	0	0	0																																																							160											160											160											160											1											0											160					Material_Students	Material_Students							0																																												0																																	160											160											160											160											1											0											160											160											160											160											160											1											0											160					0		0			0																				0																																																
Recording064	ProVisioNET_study_109_01	Male	Novice	snapshopt_material_students	4	snapshopt_material_students	6156	1020197	0	0	0	0	0	0	0	0	0	0	0	0	0	0	0	0	0	0	0	0	0	0	0	0	0	0	0	0	0	0	0	0	0	0	0	0	0	0	0	0	0	0	0	0	0	0	0	0																																																							2578											430											200											999											6											0											999					Material_Students	Material_Students							0																																												0																																	6156											6156											6156											6156											1											0											6156											6156											6156											6156											6156											1											0											6156					0		0			0																				14																																																
Recording064	ProVisioNET_study_109_01	Male	Novice	snapshopt_material_students	5	snapshopt_material_students	180	1035528	0	0	0	0	0	0	0	0	0	0	0	0	0	0	0	0	0	0	0	0	0	0	0	0	0	0	0	0	0	0	0	0	0	0	0	0	0	0	0	0	0	0	0	0	0	0	0	0																																																							160											160											160											160											1											0											160					Material_Students								0																																												0																																	180											180											180											180											1											0											180											180											180											180											180											1											0											180					0		0			0																				0																																																
Recording064	ProVisioNET_study_109_01	Male	Novice	snapshopt_material_students	6	snapshopt_material_students	2459	1043723	0	0	0	0	0	0	0	0	0	0	0	0	0	0	0	0	0	0	0	0	0	0	0	0	0	0	0	0	0	0	0	0	0	0	0	0	0	0	0	0	0	0	0	0	0	0	0	0																																																							1039											208											120											300											5											0											300					Material_Students	Material_Students							0																																												0																																	2459											2459											2459											2459											1											0											2459											2459											2459											2459											2459											1											0											2459					0		0			0																				4																																																
Recording064	ProVisioNET_study_109_01	Male	Novice	snapshopt_material_students	7	snapshopt_material_students	140	1051639	0	0	0	0	0	0	0	0	0	0	0	0	0	0	0	0	0	0	0	0	0	0	0	0	0	0	0	0	0	0	0	0	0	0	0	0	0	0	0	0	0	0	0	0	0	0	0	0																																																							140											140											140											140											1											0											140					Material_Students	Material_Students							0																																												0																																	140											140											140											140											1											0											140											140											140											140											140											1											0											140					0		0			0																				0																																																
Recording064	ProVisioNET_study_109_01	Male	Novice	snapshopt_material_students	8	snapshopt_material_students	16130	1062972	0	0	0	0	0	0	0	0	0	0	0	0	0	0	0	0	0	0	0	0	1	1	0	0	0	0	0	0	0	0	0	0	0	0	0	0	0	1	0	0	0	0	0	0	0	0	0	0																					15195	10538																13722																	5956											851											180											3418											7											0											540					Material_Students	Material_Students							0																																												0																																	16130											16130											16130											16130											1											0											16130											16130											16130											16130											16130											1											0											16130					0		0			0																				18																																																
Recording064	ProVisioNET_study_109_01	Male	Novice	snapshopt_material_students	9	snapshopt_material_students	320	1084299	0	0	0	0	0	0	0	0	0	0	0	0	0	0	0	0	0	0	0	0	0	0	0	0	0	0	0	0	0	0	0	0	0	0	0	0	0	0	0	0	0	0	0	0	0	0	0	0																																																							320											320											320											320											1											0											320					Material_Students	Material_Students							0																																												0																																	320											320											320											320											1											0											320											320											320											320											320											1											0											320					0		0			0																				0																																																
Recording064	ProVisioNET_study_109_01	Male	Novice	snapshopt_material_students	10	snapshopt_material_students	10474	1096992	0	0	0	0	0	0	0	0	0	0	0	0	0	0	0	0	0	0	0	1	0	0	0	0	0	0	0	0	0	0	0	0	0	0	0	0	0	0	0	0	0	0	0	0	0	0	0	0																				6518																																			5976											996											160											2858											6											0											1639					Material_Students	Material_Students							0																																												0																																	10474											10474											10474											10474											1											0											10474											10474											10474											10474											10474											1											0											10474					0		0			0																				7																																																
Recording064	ProVisioNET_study_109_01	Male	Novice	snapshopt_material_students	11	snapshopt_material_students	34799	1114542	0	0	0	0	0	0	0	0	0	0	0	0	0	0	0	0	0	0	0	0	0	0	0	0	0	0	0	0	0	0	0	0	0	0	0	0	0	0	0	0	0	0	0	0	0	0	0	0																																																							11113											794											200											2698											14											0											260					Material_Students	Material_Students							0																																												0																																	34799											34799											34799											34799											1											0											34799											34799											34799											34799											34799											1											0											34799					0		0			0																				33																																																
Recording064	ProVisioNET_study_109_01	Male	Novice	snapshopt_material_students	12	snapshopt_material_students	9994	1158136	0	0	0	0	0	0	0	0	0	0	0	0	1	0	0	0	0	0	0	0	0	0	0	0	0	0	0	0	0	0	0	0	0	0	0	0	0	0	0	0	0	0	0	0	0	0	0	0													4772																																										1719											246											160											340											7											0											260					Material_Students	Material_Students							0																																												0																																	9994											9994											9994											9994											1											0											9994											9994											9994											9994											9994											1											0											9994					0		0			0																				13																																																
Recording064	ProVisioNET_study_109_01	Male	Novice	snapshopt_material_students	13	snapshopt_material_students	8495	1174246	0	0	0	0	0	0	0	0	0	0	0	0	0	0	0	0	0	0	0	0	0	0	0	0	0	0	0	0	0	0	0	0	0	0	0	0	0	0	0	0	0	0	0	0	0	0	0	0																																																							2379											476											280											640											5											0											640					Material_Students	Material_Students							0																																												0																																	8495											8495											8495											8495											1											0											8495											8495											8495											8495											8495											1											0											8495					0		0			0																				12																																																
Recording064	ProVisioNET_study_109_01	Male	Novice	snapshopt_material_students	14	snapshopt_material_students	5137	1187998	0	0	0	0	0	0	0	0	0	0	1	0	0	0	0	0	0	0	0	0	0	0	0	0	0	0	0	0	0	0	0	0	0	0	0	0	0	0	0	0	0	0	0	0	0	0	0	0											4910																																												1039											520											360											680											2											0											360					Material_Students	Material_Students							0																																												0																																	5137											5137											5137											5137											1											0											5137											5137											5137											5137											5137											1											0											5137					0		0			0																				5																																																
Recording064	ProVisioNET_study_109_01	Male	Novice	snapshopt_material_students	15	snapshopt_material_students	1099	1199851	0	0	0	0	0	0	0	0	0	0	0	0	0	0	0	0	0	0	0	0	0	0	0	0	0	0	0	0	0	0	0	0	0	0	0	0	0	0	0	0	0	0	0	0	0	0	0	0																																																							1099											1099											1099											1099											1											0											1099					Material_Students	Material_Students							0																																												0																																	1099											1099											1099											1099											1											0											1099											1099											1099											1099											1099											1											0											1099					0		0			0																				0																																																
Recording064	ProVisioNET_study_109_01	Male	Novice	snapshopt_material_students	16	snapshopt_material_students	2998	1228214	0	0	0	0	0	0	0	0	0	0	0	0	0	0	0	0	0	0	0	0	0	0	0	0	0	0	0	0	0	0	0	0	0	0	0	0	0	0	0	0	0	0	0	0	0	0	0	0																																																							1019											340											140											540											3											0											140					Material_Students	Material_Students							0																																												0																																	2998											2998											2998											2998											1											0											2998											2998											2998											2998											2998											1											0											2998					0		0			0																				5																																																
Recording064	ProVisioNET_study_109_01	Male	Novice	snapshopt_material_students	17	snapshopt_material_students	17110	1239907	0	0	0	0	0	0	0	0	0	0	0	0	0	0	0	0	0	1	1	0	0	0	0	0	0	0	0	0	0	0	0	0	0	0	0	0	1	0	0	0	0	0	0	0	0	0	0	0																		16808	13100																		15109																		3498											437											80											1099											8											0											180					Material_Students	Material_Students							0																																												0																																	17110											17110											17110											17110											1											0											17110											17110											17110											17110											17110											1											0											17110					0		0			0																				13																																																
Recording064	ProVisioNET_study_109_01	Male	Novice	snapshopt_material_students	18	snapshopt_material_students	2479	1263154	0	0	0	0	0	0	0	0	0	0	0	0	0	0	0	0	0	0	0	0	0	0	0	0	0	0	0	0	0	0	0	0	0	0	0	0	0	0	0	0	0	0	0	0	0	0	0	0																																																							919											460											200											720											2											0											200					Material_Students	Material_Students							0																																												0																																	2479											2479											2479											2479											1											0											2479											2479											2479											2479											2479											1											0											2479					0		0			0																				3																																																
Recording064	ProVisioNET_study_109_01	Male	Novice	snapshopt_material_students	19	snapshopt_material_students	5876	1275086	0	0	0	0	0	0	0	0	0	0	0	0	0	0	0	0	0	0	0	0	0	0	0	0	0	0	0	0	0	0	0	0	0	0	0	0	0	0	0	0	0	0	0	0	0	0	0	0																																																							3398											1133											420											2399											3											0											2399					Material_Students	Material_Students							0																																												0																																	5876											5876											5876											5876											1											0											5876											5876											5876											5876											5876											1											0											5876					0		0			0																				3																																																
Recording064	ProVisioNET_study_109_01	Male	Novice	snapshopt_material_students	20	snapshopt_material_students	10454	1327056	0	0	0	0	0	0	0	0	0	0	0	0	0	0	0	0	0	0	0	0	0	0	0	0	0	0	0	0	0	0	0	0	0	0	0	0	0	0	0	0	0	0	0	0	0	0	0	0																																																							7416											2472											140											6916											3											0											140					Material_Students	Material_Students							0																																												0																																	10454											10454											10454											10454											1											0											10454											10454											10454											10454											10454											1											0											10454					0		0			0																				3																																																
Recording064	ProVisioNET_study_109_01	Male	Novice	snapshopt_material_students	21	snapshopt_material_students	17090	1346784	0	0	0	0	0	0	0	0	1	0	0	0	0	0	0	0	0	0	0	0	0	0	0	0	0	0	0	0	0	0	0	0	0	1	0	0	0	0	0	0	0	0	0	0	0	0	0	0									1839																									1041																					2159											270											100											460											8											0											340					Material_Students	Material_Students							0																																												0																																	17090											17090											17090											17090											1											0											17090											17090											17090											17090											17090											1											0											17090					0		0			0																				15																																																
Recording064	ProVisioNET_study_109_01	Male	Novice	snapshopt_material_students	22	snapshopt_material_students	4357	1408647	0	0	0	0	0	0	0	0	0	0	0	0	0	0	0	0	0	0	0	0	0	0	0	0	0	0	0	0	0	0	0	0	0	0	0	0	0	0	0	0	0	0	0	0	0	0	0	0																																																							340											170											160											180											2											0											180					Material_Students	Material_Students							0																																												0																																	4357											4357											4357											4357											1											0											4357											4357											4357											4357											4357											1											0											4357					0		0			0																				5																																																
Recording064	ProVisioNET_study_109_01	Male	Novice	snapshopt_material_students	23	snapshopt_material_students	380	1428275	0	0	0	0	0	0	0	0	0	0	0	0	0	0	0	0	0	0	0	0	0	0	0	0	0	0	0	0	0	0	0	0	0	0	0	0	0	0	0	0	0	0	0	0	0	0	0	0																																																							380											380											380											380											1											0											380					Material_Students	Material_Students							0																																												0																																	380											380											380											380											1											0											380											380											380											380											380											1											0											380					0		0			0																				0																																																
Recording064	ProVisioNET_study_109_01	Male	Novice	snapshot_classroom_others	1	snapshot_classroom_others	6436	454408	0	0	0	0	0	0	0	0	0	0	0	0	0	0	0	0	0	0	0	0	0	0	0	0	0	0	0	0	0	0	0	0	0	0	0	0	0	0	0	0	0	0	0	0	0	0	0	0																																																					2059											257											140											440											8											0											220							Classroom_Others	Classroom_Others					0																																												0																																	6436											6436											6436											6436											1											0											6436											6436											6436											6436											6436											1											0											6436							0		0			0																		13																																																		
Recording064	ProVisioNET_study_109_01	Male	Novice	snapshot_classroom_others	2	snapshot_classroom_others	5417	468600	0	0	0	0	0	0	0	0	0	0	0	0	0	0	0	0	0	0	0	0	0	0	0	0	0	0	0	0	0	0	0	0	0	0	0	0	0	0	0	0	0	0	0	0	0	0	0	0																																																					1779											297											80											480											6											0											480							Classroom_Others	Classroom_Others					0																																												0																																	5417											5417											5417											5417											1											0											5417											5417											5417											5417											5417											1											0											5417							0		0			0																		8																																																		
Recording064	ProVisioNET_study_109_01	Male	Novice	snapshot_classroom_others	3	snapshot_classroom_others	14372	481393	0	0	0	0	0	0	0	0	0	0	0	0	0	0	0	0	0	0	0	0	0	0	0	0	0	0	0	0	0	0	0	0	0	0	0	0	0	0	0	0	0	0	0	0	0	0	0	0																																																					4517											266											60											959											17											0											120							Classroom_Others	Classroom_Others					0																																												0																																	14372											14372											14372											14372											1											0											14372											14372											14372											14372											14372											1											0											14372							0		0			0																		13																																																		
Recording064	ProVisioNET_study_109_01	Male	Novice	snapshot_classroom_others	4	snapshot_classroom_others	5637	506098	0	0	0	0	0	0	0	0	0	0	0	0	0	0	0	0	0	0	0	0	0	0	0	0	0	0	0	0	0	0	0	0	0	0	0	0	0	0	0	0	0	0	0	0	0	0	0	0																																																					1659											415											80											1079											4											0											200							Classroom_Others	Classroom_Others					0																																												0																																	5637											5637											5637											5637											1											0											5637											5637											5637											5637											5637											1											0											5637							0		0			0																		5																																																		
Recording064	ProVisioNET_study_109_01	Male	Novice	snapshot_classroom_others	5	snapshot_classroom_others	3618	517272	0	0	0	0	0	0	0	0	0	0	0	0	0	0	0	0	0	0	0	0	0	0	0	0	0	0	0	0	0	0	0	0	0	0	0	0	0	0	0	0	0	0	0	0	0	0	0	0																																																					560											280											80											480											2											0											480							Classroom_Others	Classroom_Others					0																																												0																																	3618											3618											3618											3618											1											0											3618											3618											3618											3618											3618											1											0											3618							0		0			0																		1																																																		
Recording064	ProVisioNET_study_109_01	Male	Novice	snapshot_classroom_others	6	snapshot_classroom_others	5057	544676	0	0	0	0	0	0	0	0	0	0	0	0	0	0	0	0	0	0	0	0	0	0	0	0	0	0	0	0	0	0	0	0	0	0	0	0	0	0	0	0	0	0	0	0	0	0	0	0																																																					2618											1309											120											2499											2											0											2499							Classroom_Others	Classroom_Others					0																																												0																																	5057											5057											5057											5057											1											0											5057											5057											5057											5057											5057											1											0											5057							0		0			0																		1																																																		
Recording064	ProVisioNET_study_109_01	Male	Novice	snapshot_classroom_others	7	snapshot_classroom_others	2499	572560	0	0	0	0	0	0	0	0	0	0	0	0	0	0	0	0	0	0	0	0	0	0	0	0	0	0	0	0	0	0	0	0	0	0	0	0	0	0	0	0	0	0	0	0	0	0	0	0																																																					360											120											80											140											3											0											140							Classroom_Others	Classroom_Others					0																																												0																																	2499											2499											2499											2499											1											0											2499											2499											2499											2499											2499											1											0											2499							0		0			0																		4																																																		
Recording064	ProVisioNET_study_109_01	Male	Novice	snapshot_classroom_others	8	snapshot_classroom_others	3958	583773	0	0	0	0	0	0	0	0	0	0	0	0	0	0	0	0	0	0	0	0	0	0	0	0	0	0	0	0	0	0	0	0	0	0	0	0	0	0	0	0	0	0	0	0	0	0	0	0																																																					820											205											80											360											4											0											360							Classroom_Others	Classroom_Others					0																																												0																																	3958											3958											3958											3958											1											0											3958											3958											3958											3958											3958											1											0											3958							0		0			0																		4																																																		
Recording064	ProVisioNET_study_109_01	Male	Novice	snapshot_classroom_others	9	snapshot_classroom_others	80	594747	0	0	0	0	0	0	0	0	0	0	0	0	0	0	0	0	0	0	0	0	0	0	0	0	0	0	0	0	0	0	0	0	0	0	0	0	0	0	0	0	0	0	0	0	0	0	0	0																																																					80											80											80											80											1											0											80							Classroom_Others	Classroom_Others					0																																												0																																	80											80											80											80											1											0											80											80											80											80											80											1											0											80							0		0			0																		0																																																		
Recording064	ProVisioNET_study_109_01	Male	Novice	snapshot_classroom_others	10	snapshot_classroom_others	1219	607400	0	0	0	0	0	0	0	0	0	0	0	0	0	0	0	0	0	0	0	0	0	0	0	0	0	0	0	0	0	0	0	0	0	0	0	0	0	0	0	0	0	0	0	0	0	0	0	0																																																					520											173											80											240											3											0											80							Classroom_Others	Classroom_Others					0																																												0																																	1219											1219											1219											1219											1											0											1219											1219											1219											1219											1219											1											0											1219							0		0			0																		3																																																		
Recording064	ProVisioNET_study_109_01	Male	Novice	snapshot_classroom_others	11	snapshot_classroom_others	80	616974	0	0	0	0	0	0	0	0	0	0	0	0	0	0	0	0	0	0	0	0	0	0	0	0	0	0	0	0	0	0	0	0	0	0	0	0	0	0	0	0	0	0	0	0	0	0	0	0																																																					80											80											80											80											1											0											80							Classroom_Others	Classroom_Others					0																																												0																																	80											80											80											80											1											0											80											80											80											80											80											1											0											80							0		0			0																		0																																																		
Recording064	ProVisioNET_study_109_01	Male	Novice	snapshot_classroom_others	12	snapshot_classroom_others	760	625189	0	0	0	0	0	0	0	0	0	0	0	0	0	0	0	0	0	0	0	0	0	0	0	0	0	0	0	0	0	0	0	0	0	0	0	0	0	0	0	0	0	1	0	0	0	0	0	0																																										296											240											120											80											160											2											0											80							Classroom_Others	Classroom_Others					0																																												0																																	760											760											760											760											1											0											760											760											760											760											760											1											0											760							0		0			0																		2																																																		
Recording064	ProVisioNET_study_109_01	Male	Novice	snapshot_classroom_others	13	snapshot_classroom_others	320	631565	0	0	0	0	0	0	0	0	0	0	0	0	0	0	0	0	0	0	0	0	0	0	0	0	0	0	0	0	0	0	0	0	0	0	0	0	0	0	0	0	0	0	0	0	0	0	0	0																																																					320											320											320											320											1											0											320							Classroom_Others	Classroom_Others					0																																												0																																	320											320											320											320											1											0											320											320											320											320											320											1											0											320							0		0			0																		0																																																		
Recording064	ProVisioNET_study_109_01	Male	Novice	snapshot_classroom_others	14	snapshot_classroom_others	80	636942	0	0	0	0	0	0	0	0	0	0	0	0	0	0	0	0	0	0	0	0	0	0	0	0	0	0	0	0	0	0	0	0	0	0	0	0	0	0	0	0	0	0	0	0	0	0	0	0																																																					80											80											80											80											1											0											80							Classroom_Others	Classroom_Others					0																																												0																																	80											80											80											80											1											0											80											80											80											80											80											1											0											80							0		0			0																		0																																																		
Recording064	ProVisioNET_study_109_01	Male	Novice	snapshot_classroom_others	15	snapshot_classroom_others	340	665046	0	0	0	0	0	0	0	0	0	0	0	0	0	0	0	0	0	0	0	0	0	0	0	0	0	0	0	0	0	0	0	0	0	0	0	0	0	0	0	0	0	0	0	0	0	0	0	0																																																					340											340											340											340											1											0											340							Classroom_Others	Classroom_Others					0																																												0																																	340											340											340											340											1											0											340											340											340											340											340											1											0											340							0		0			0																		0																																																		
Recording064	ProVisioNET_study_109_01	Male	Novice	snapshot_classroom_others	16	snapshot_classroom_others	1379	699886	0	0	0	0	0	0	0	0	0	0	0	0	0	0	0	0	0	0	0	0	0	0	0	0	0	0	0	0	0	0	0	0	0	0	0	0	0	0	0	0	0	0	0	0	0	0	0	0																																																					1379											1379											1379											1379											1											0											1379							Classroom_Others	Classroom_Others					0																																												0																																	1379											1379											1379											1379											1											0											1379											1379											1379											1379											1379											1											0											1379							0		0			0																		0																																																		
Recording064	ProVisioNET_study_109_01	Male	Novice	snapshot_classroom_others	17	snapshot_classroom_others	160	718615	0	0	0	0	0	0	0	0	0	0	0	0	0	0	0	0	0	0	0	0	0	0	0	0	0	0	0	0	0	0	0	0	0	0	0	0	0	0	0	0	0	0	0	0	0	0	0	0																																																					160											160											160											160											1											0											160							Classroom_Others	Classroom_Others					0																																												0																																	160											160											160											160											1											0											160											160											160											160											160											1											0											160							0		0			0																		0																																																		
Recording064	ProVisioNET_study_109_01	Male	Novice	snapshot_classroom_others	18	snapshot_classroom_others	12613	726650	0	0	0	0	0	0	0	0	0	0	0	0	0	0	0	0	0	0	0	0	0	0	0	0	0	0	0	0	0	0	0	0	0	0	0	0	0	0	0	0	0	0	0	0	0	0	0	0																																																					2319											211											100											620											11											0											120							Classroom_Others	Classroom_Others					0																																												0																																	12613											12613											12613											12613											1											0											12613											12613											12613											12613											12613											1											0											12613							0		0			0																		22																																																		
Recording064	ProVisioNET_study_109_01	Male	Novice	snapshot_classroom_others	19	snapshot_classroom_others	15051	749976	0	0	0	0	0	0	0	0	0	0	0	0	0	0	0	0	0	0	0	0	0	0	0	0	0	0	0	0	0	0	0	0	0	0	0	0	0	0	0	0	0	0	0	0	0	0	0	0																																																					2818											282											80											839											10											0											80							Classroom_Others	Classroom_Others					0																																												0																																	15051											15051											15051											15051											1											0											15051											15051											15051											15051											15051											1											0											15051							0		0			0																		17																																																		
Recording064	ProVisioNET_study_109_01	Male	Novice	snapshot_classroom_others	20	snapshot_classroom_others	10654	772003	0	0	0	0	0	0	0	0	0	0	0	0	0	0	0	0	0	0	0	0	0	0	0	0	0	0	0	0	0	0	0	0	0	0	0	0	0	0	0	0	0	0	0	0	0	0	0	0																																																					2698											300											100											1379											9											0											140							Classroom_Others	Classroom_Others					0																																												0																																	10654											10654											10654											10654											1											0											10654											10654											10654											10654											10654											1											0											10654							0		0			0																		17																																																		
Recording064	ProVisioNET_study_109_01	Male	Novice	snapshot_classroom_others	21	snapshot_classroom_others	11353	802505	0	0	0	0	0	0	0	0	0	0	0	0	0	0	1	1	0	0	0	0	0	0	0	0	0	0	0	0	0	0	0	0	0	0	0	1	0	0	0	0	0	0	0	0	0	0	0	0															9818	18																				7652																	4997											625											100											3718											8											0											120							Classroom_Others	Classroom_Others					0																																												0																																	11353											11353											11353											11353											1											0											11353											11353											11353											11353											11353											1											0											11353							0		0			0																		8																																																		
Recording064	ProVisioNET_study_109_01	Male	Novice	snapshot_classroom_others	22	snapshot_classroom_others	46493	821274	0	0	0	0	0	0	0	0	0	0	0	0	0	1	0	0	0	0	0	0	0	0	0	0	0	0	0	0	0	0	0	0	0	0	0	0	0	0	0	0	0	0	0	0	0	0	0	0														11250																																							7016											219											80											660											32											0											520							Classroom_Others	Classroom_Others					0																																												0																																	46493											46493											46493											46493											1											0											46493											46493											46493											46493											46493											1											0											46493							0		0			0																		55																																																		
Recording064	ProVisioNET_study_109_01	Male	Novice	snapshot_classroom_others	23	snapshot_classroom_others	140	877461	0	0	0	0	0	0	0	0	0	0	0	0	0	0	0	0	0	0	0	0	0	0	0	0	0	0	0	0	0	0	0	0	0	0	0	0	0	0	0	0	0	0	0	0	0	0	0	0																																																					140											140											140											140											1											0											140							Classroom_Others	Classroom_Others					0																																												0																																	140											140											140											140											1											0											140											140											140											140											140											1											0											140							0		0			0																		0																																																		
Recording064	ProVisioNET_study_109_01	Male	Novice	snapshot_classroom_others	24	snapshot_classroom_others	2718	884337	0	0	0	0	0	0	0	0	0	0	0	0	0	0	0	0	0	0	0	0	0	0	0	0	0	0	0	0	0	0	0	0	0	0	0	0	0	0	0	0	0	0	0	0	0	0	0	0																																																					800											267											120											380											3											0											380							Classroom_Others	Classroom_Others					0																																												0																																	2718											2718											2718											2718											1											0											2718											2718											2718											2718											2718											1											0											2718							0		0			0																		5																																																		
Recording064	ProVisioNET_study_109_01	Male	Novice	snapshot_classroom_others	25	snapshot_classroom_others	400	899409	0	0	0	0	0	0	0	0	0	0	0	0	0	0	0	0	0	0	0	0	0	0	0	0	0	0	0	0	0	0	0	0	0	0	0	0	0	0	0	0	0	0	0	0	0	0	0	0																																																					400											400											400											400											1											0											400							Classroom_Others	Classroom_Others					0																																												0																																	400											400											400											400											1											0											400											400											400											400											400											1											0											400							0		0			0																		0																																																		
Recording064	ProVisioNET_study_109_01	Male	Novice	snapshot_classroom_others	26	snapshot_classroom_others	2139	920596	0	0	0	0	0	0	0	0	0	0	0	0	0	0	0	0	0	0	0	0	0	0	0	0	0	0	0	0	0	0	0	0	0	0	0	0	0	0	0	0	0	0	1	0	0	0	0	0																																											1429										520											260											180											340											2											0											180							Classroom_Others	Classroom_Others					0																																												0																																	2139											2139											2139											2139											1											0											2139											2139											2139											2139											2139											1											0											2139							0		0			0																		1																																																		
Recording064	ProVisioNET_study_109_01	Male	Novice	snapshot_classroom_others	27	snapshot_classroom_others	3518	930470	0	0	0	0	0	0	0	0	0	0	0	0	0	0	0	0	0	0	0	0	0	0	0	0	0	0	0	0	0	0	0	0	0	0	0	0	0	0	0	0	0	0	0	0	0	0	0	0																																																					1259											252											120											480											5											0											120							Classroom_Others						0																																												0																																	3518											3518											3518											3518											1											0											3518											3518											3518											3518											3518											1											0											3518							0		0			0																		6																																																		
Recording064	ProVisioNET_study_109_01	Male	Novice	snapshot_classroom_others	28	snapshot_classroom_others	7376	939765	0	0	0	0	0	0	0	0	0	0	0	0	0	0	0	0	0	0	0	0	0	0	0	0	0	0	0	0	0	0	0	0	0	0	0	0	0	0	0	0	0	0	0	0	0	0	0	0																																																					2738											249											80											600											11											0											300							Classroom_Others	Classroom_Others					0																																												0																																	7376											7376											7376											7376											1											0											7376											7376											7376											7376											7376											1											0											7376							0		0			0																		14																																																		
Recording064	ProVisioNET_study_109_01	Male	Novice	snapshot_classroom_others	29	snapshot_classroom_others	1979	952877	0	0	0	0	0	0	0	0	0	0	0	0	0	0	0	0	0	0	0	0	0	0	0	0	0	0	0	0	0	0	0	0	0	0	0	0	0	0	0	0	0	0	0	0	0	0	0	0																																																					959											160											80											420											6											0											100							Classroom_Others	Classroom_Others					0																																												0																																	1979											1979											1979											1979											1											0											1979											1979											1979											1979											1979											1											0											1979							0		0			0																		4																																																		
Recording064	ProVisioNET_study_109_01	Male	Novice	snapshot_classroom_others	30	snapshot_classroom_others	15071	967269	0	0	0	0	0	0	0	0	0	0	0	0	0	0	0	0	0	0	0	0	0	0	0	0	0	0	0	0	0	0	0	0	0	0	0	0	0	0	0	0	0	0	0	0	0	0	0	0																																																					1619											202											80											440											8											0											220							Classroom_Others	Classroom_Others					0																																												0																																	15071											15071											15071											15071											1											0											15071											15071											15071											15071											15071											1											0											15071							0		0			0																		14																																																		
Recording064	ProVisioNET_study_109_01	Male	Novice	snapshot_classroom_others	31	snapshot_classroom_others	3998	991314	0	0	0	0	0	0	0	0	0	0	0	0	0	0	0	0	0	0	0	0	0	0	0	0	0	0	0	0	0	0	0	1	0	0	0	0	0	0	0	1	0	0	0	0	0	0	0	0																																3164								850													3538											1179											300											2838											3											0											300							Classroom_Others	Classroom_Others					0																																												0																																	3998											3998											3998											3998											1											0											3998											3998											3998											3998											3998											1											0											3998							0		0			0																		1																																																		
Recording064	ProVisioNET_study_109_01	Male	Novice	snapshot_classroom_others	32	snapshot_classroom_others	700	1003887	0	0	0	0	0	0	0	0	0	0	0	0	0	0	0	0	0	0	0	0	0	0	0	0	0	0	0	0	0	0	0	0	0	0	0	0	0	0	0	0	0	0	0	0	0	0	0	0																																																					380											127											100											180											3											0											100							Classroom_Others	Classroom_Others					0																																												0																																	700											700											700											700											1											0											700											700											700											700											700											1											0											700							0		0			0																		1																																																		
Recording064	ProVisioNET_study_109_01	Male	Novice	snapshot_classroom_others	33	snapshot_classroom_others	5077	1018858	0	0	0	0	0	0	0	0	0	0	0	0	0	0	0	0	0	0	0	0	0	0	0	0	0	0	0	0	0	0	0	0	0	0	0	0	0	0	0	0	0	0	0	0	0	0	0	0																																																					1179											168											100											240											7											0											140							Classroom_Others	Classroom_Others					0																																												0																																	5077											5077											5077											5077											1											0											5077											5077											5077											5077											5077											1											0											5077							0		0			0																		14																																																		
Recording064	ProVisioNET_study_109_01	Male	Novice	snapshot_classroom_others	34	snapshot_classroom_others	39177	1029532	0	0	0	0	0	0	0	0	0	0	0	0	0	0	0	0	0	0	0	0	0	0	0	0	0	0	0	0	0	0	0	0	0	0	0	0	0	0	0	0	0	0	0	0	0	0	0	0																																																					19049											577											80											1999											33											0											80							Classroom_Others	Classroom_Others					0																																												0																																	39177											39177											39177											39177											1											0											39177											39177											39177											39177											39177											1											0											39177							0		0			0																		51																																																		
Recording064	ProVisioNET_study_109_01	Male	Novice	snapshot_classroom_others	35	snapshot_classroom_others	14751	1074985	0	0	0	0	0	0	0	0	0	0	0	0	0	0	0	0	0	0	0	0	1	0	0	0	0	0	0	0	0	0	0	0	0	0	0	0	0	1	0	0	0	0	0	0	0	0	0	0																					3182																	1710															4457											405											100											1039											11											0											140							Classroom_Others	Classroom_Others					0																																												0																																	14751											14751											14751											14751											1											0											14751											14751											14751											14751											14751											1											0											14751							0		0			0																		18																																																		
Recording064	ProVisioNET_study_109_01	Male	Novice	snapshot_classroom_others	36	snapshot_classroom_others	680	1095233	0	0	0	0	0	0	0	0	0	0	0	0	0	0	0	0	0	0	0	0	0	0	0	0	0	0	0	0	0	0	0	0	0	0	0	0	0	0	0	0	0	0	0	0	0	0	0	0																																																					680											680											680											680											1											0											680							Classroom_Others	Classroom_Others					0																																												0																																	680											680											680											680											1											0											680											680											680											680											680											1											0											680							0		0			0																		0																																																		
Recording064	ProVisioNET_study_109_01	Male	Novice	snapshot_classroom_others	37	snapshot_classroom_others	9314	1104687	0	0	0	0	0	0	0	0	0	0	0	0	0	0	0	0	0	0	0	0	0	0	0	0	0	0	0	0	0	0	0	0	0	0	0	0	0	0	0	0	0	0	0	0	0	0	0	0																																																					3638											606											120											1379											6											0											220							Classroom_Others	Classroom_Others					0																																												0																																	9314											9314											9314											9314											1											0											9314											9314											9314											9314											9314											1											0											9314							0		0			0																		9																																																		
Recording064	ProVisioNET_study_109_01	Male	Novice	snapshot_classroom_others	38	snapshot_classroom_others	6536	1121657	0	0	0	0	0	0	0	0	0	0	0	0	0	0	0	0	0	0	0	0	0	0	0	0	0	0	0	0	0	0	0	0	0	0	0	0	0	0	0	0	0	0	0	0	0	0	0	0																																																					3898											650											160											1619											6											0											300							Classroom_Others	Classroom_Others					0																																												0																																	6536											6536											6536											6536											1											0											6536											6536											6536											6536											6536											1											0											6536							0		0			0																		5																																																		
Recording064	ProVisioNET_study_109_01	Male	Novice	snapshot_classroom_others	39	snapshot_classroom_others	25465	1134630	0	0	0	0	0	0	0	0	0	0	0	0	0	0	0	0	0	0	0	0	0	0	0	0	0	0	0	0	0	0	0	0	0	0	0	0	0	0	0	0	0	0	0	0	0	0	0	0																																																					8555											713											140											2339											12											0											400							Classroom_Others	Classroom_Others					0																																												0																																	25465											25465											25465											25465											1											0											25465											25465											25465											25465											25465											1											0											25465							0		0			0																		28																																																		
Recording064	ProVisioNET_study_109_01	Male	Novice	snapshot_classroom_others	40	snapshot_classroom_others	2419	1168310	0	0	0	0	0	0	0	0	0	0	0	1	0	0	0	0	0	0	0	0	0	0	0	0	0	0	0	0	0	0	0	0	0	0	1	0	0	0	0	0	0	0	0	0	0	0	0	0												2371																							588																		500											125											80											220											4											0											80							Classroom_Others	Classroom_Others					0																																												0																																	2419											2419											2419											2419											1											0											2419											2419											2419											2419											2419											1											0											2419							0		0			0																		3																																																		
Recording064	ProVisioNET_study_109_01	Male	Novice	snapshot_classroom_others	41	snapshot_classroom_others	9794	1177304	0	0	0	0	0	0	0	0	0	0	0	0	0	0	0	0	0	0	0	0	0	0	0	0	0	0	0	0	0	0	0	0	0	0	0	0	0	0	0	0	0	0	0	0	0	0	0	0																																																					3298											550											120											1939											6											0											340							Classroom_Others	Classroom_Others					0																																												0																																	9794											9794											9794											9794											1											0											9794											9794											9794											9794											9794											1											0											9794							0		0			0																		17																																																		
Recording064	ProVisioNET_study_109_01	Male	Novice	snapshot_classroom_others	42	snapshot_classroom_others	11253	1193175	0	0	0	0	0	0	0	0	0	0	0	0	0	0	0	0	0	0	0	0	0	0	0	0	0	0	0	0	0	0	0	0	0	0	0	0	0	0	0	0	0	0	0	0	0	0	0	0																																																					4297											430											140											1159											10											0											200							Classroom_Others	Classroom_Others					0																																												0																																	11253											11253											11253											11253											1											0											11253											11253											11253											11253											11253											1											0											11253							0		0			0																		13																																																		
Recording064	ProVisioNET_study_109_01	Male	Novice	snapshot_classroom_others	43	snapshot_classroom_others	20788	1211764	0	0	0	0	0	0	0	0	0	0	0	0	0	0	0	0	0	0	0	0	0	0	0	0	0	0	0	0	0	0	0	0	0	0	0	0	0	0	0	0	0	0	0	0	0	0	0	0																																																					7655											638											120											2898											12											0											640							Classroom_Others	Classroom_Others					0																																												0																																	20788											20788											20788											20788											1											0											20788											20788											20788											20788											20788											1											0											20788							0		0			0																		32																																																		
Recording064	ProVisioNET_study_109_01	Male	Novice	snapshot_classroom_others	44	snapshot_classroom_others	7276	1239787	0	0	0	0	0	0	0	0	0	0	0	0	0	0	0	0	0	0	0	0	0	0	0	0	0	0	0	0	0	0	0	0	0	0	0	0	0	0	0	0	0	0	0	0	0	0	0	0																																																					2758											552											80											1879											5											0											80							Classroom_Others	Classroom_Others					0																																												0																																	7276											7276											7276											7276											1											0											7276											7276											7276											7276											7276											1											0											7276							0		0			0																		7																																																		
Recording064	ProVisioNET_study_109_01	Male	Novice	snapshot_classroom_others	45	snapshot_classroom_others	10774	1254119	0	0	0	0	0	0	0	0	0	0	0	0	0	0	0	0	0	1	0	0	0	0	0	0	0	0	0	0	0	0	0	0	0	0	0	0	1	0	0	0	0	0	0	0	0	0	0	0																		2597																			897																2599											433											80											959											6											0											300							Classroom_Others	Classroom_Others					0																																												0																																	10774											10774											10774											10774											1											0											10774											10774											10774											10774											10774											1											0											10774							0		0			0																		4																																																		
Recording064	ProVisioNET_study_109_01	Male	Novice	snapshot_classroom_others	46	snapshot_classroom_others	2958	1271908	0	0	0	0	0	0	0	0	0	0	0	0	0	0	0	0	0	0	0	0	0	0	0	0	0	0	0	0	0	0	0	0	0	0	0	0	0	0	0	0	0	0	0	0	0	0	0	0																																																					2898											1449											220											2678											2											0											2678							Classroom_Others	Classroom_Others					0																																												0																																	2958											2958											2958											2958											1											0											2958											2958											2958											2958											2958											1											0											2958							0		0			0																		0																																																		
Recording064	ProVisioNET_study_109_01	Male	Novice	snapshot_classroom_others	47	snapshot_classroom_others	17170	1281043	0	0	0	0	0	0	0	0	0	0	0	0	0	0	0	0	1	0	0	0	0	0	0	0	0	0	0	0	0	0	0	0	0	0	0	0	0	0	0	0	0	0	0	0	0	0	0	0																	2156																																				4697											361											80											1059											13											0											380							Classroom_Others	Classroom_Others					0																																												0																																	17170											17170											17170											17170											1											0											17170											17170											17170											17170											17170											1											0											17170							0		0			0																		20																																																		
Recording064	ProVisioNET_study_109_01	Male	Novice	snapshot_classroom_others	48	snapshot_classroom_others	680	1329354	0	0	0	0	0	0	0	0	0	0	0	0	0	0	0	0	0	0	0	0	0	0	0	0	0	0	0	0	0	0	0	0	0	0	0	0	0	0	0	0	0	0	0	0	0	0	0	0																																																					680											680											680											680											1											0											680							Classroom_Others	Classroom_Others					0																																												0																																	680											680											680											680											1											0											680											680											680											680											680											1											0											680							0		0			0																		0																																																		
Recording064	ProVisioNET_study_109_01	Male	Novice	snapshot_classroom_others	49	snapshot_classroom_others	200	1342786	0	0	0	0	0	0	0	0	0	0	0	0	0	0	0	0	0	0	0	0	0	0	0	0	0	0	0	0	0	0	0	0	0	0	0	0	0	0	0	0	0	0	0	0	0	0	0	0																																																					200											200											200											200											1											0											200							Classroom_Others	Classroom_Others					0																																												0																																	200											200											200											200											1											0											200											200											200											200											200											1											0											200							0		0			0																		0																																																		
Recording064	ProVisioNET_study_109_01	Male	Novice	snapshot_classroom_others	50	snapshot_classroom_others	5557	1354499	0	0	0	0	0	0	0	0	0	0	0	0	0	0	0	0	0	0	0	0	0	0	0	0	0	0	0	0	0	0	0	0	0	0	0	0	0	0	0	0	0	0	0	0	0	0	0	0																																																					1459											208											100											360											7											0											100							Classroom_Others	Classroom_Others					0																																												0																																	5557											5557											5557											5557											1											0											5557											5557											5557											5557											5557											1											0											5557							0		0			0																		8																																																		
Recording064	ProVisioNET_study_109_01	Male	Novice	snapshot_classroom_others	51	snapshot_classroom_others	19229	1390898	0	0	0	0	0	0	0	0	0	0	0	0	0	0	0	0	0	0	0	0	0	0	0	0	0	0	0	0	0	0	0	0	0	0	0	0	0	0	0	0	0	0	0	0	0	0	0	0																																																					4957											354											80											839											14											0											80							Classroom_Others	Classroom_Others					0																																												0																																	19229											19229											19229											19229											1											0											19229											19229											19229											19229											19229											1											0											19229							0		0			0																		23																																																		
Recording064	ProVisioNET_study_109_01	Male	Novice	snapshot_classroom_others	52	snapshot_classroom_others	5177	1422639	0	0	0	0	0	0	0	0	0	0	0	0	0	0	0	0	0	0	0	0	0	0	0	0	0	0	0	0	0	0	0	0	0	0	0	0	0	0	0	0	0	0	0	0	0	0	0	0																																																					560											140											80											220											4											0											80							Classroom_Others	Classroom_Others					0																																												0																																	5177											5177											5177											5177											1											0											5177											5177											5177											5177											5177											1											0											5177							0		0			0																		3																																																		
Recording064	ProVisioNET_study_109_01	Male	Novice	snapshot_classroom_others	53	snapshot_classroom_others	300	1435291	0	0	0	0	0	0	0	0	0	0	0	0	0	0	0	0	0	0	0	0	0	0	0	0	0	0	0	0	0	0	0	0	0	0	0	0	0	0	0	0	0	0	0	0	0	0	0	0																																																					260											130											100											160											2											0											100							Classroom_Others						0																																												0																																	300											300											300											300											1											0											300											300											300											300											300											1											0											300							0		0			0																		1																																																		
Recording064	ProVisioNET_study_109_01	Male	Novice	snapshot_classroom_others	54	snapshot_classroom_others	260	1454800	0	0	0	0	0	0	0	0	0	0	0	0	0	0	0	0	0	0	0	0	0	0	0	0	0	0	0	0	0	0	0	0	0	0	0	0	0	0	0	0	0	0	0	0	0	0	0	0																																																					220											110											100											120											2											0											100							Classroom_Others	Classroom_Others					0																																												0																																	260											260											260											260											1											0											260											260											260											260											260											1											0											260							0		0			0																		1																																																		
Recording064	ProVisioNET_study_109_01	Male	Novice	snapshot_classroom_others	55	snapshot_classroom_others	100	1469251	0	0	0	0	0	0	0	0	0	0	0	0	0	0	0	0	0	0	0	0	0	0	0	0	0	0	0	0	0	0	0	0	0	0	0	0	0	0	0	0	0	0	0	0	0	0	0	0																																																					100											100											100											100											1											0											100							Classroom_Others	Classroom_Others					0																																												0																																	100											100											100											100											1											0											100											100											100											100											100											1											0											100							0		0			0																		0																																																		
Recording064	ProVisioNET_study_109_01	Male	Novice	snapshot_classroom_others	56	snapshot_classroom_others	1599	1476826	0	0	0	0	0	0	0	0	0	0	0	0	0	0	0	0	0	0	0	0	0	0	0	0	0	0	0	0	0	0	0	0	0	0	0	0	0	0	0	0	0	0	0	0	0	0	0	0																																																					200											100											80											120											2											0											80							Classroom_Others	Classroom_Others					0																																												0																																	1599											1599											1599											1599											1											0											1599											1599											1599											1599											1599											1											0											1599							0		0			0																		1																																																		
Recording064	ProVisioNET_study_109_01	Male	Novice	snapshot_classroom_others	57	snapshot_classroom_others	800	1488399	0	0	0	0	0	0	0	0	0	0	0	0	0	0	0	0	0	0	0	0	0	0	0	0	0	0	0	0	0	0	0	0	0	0	0	0	0	0	0	0	0	0	0	0	0	0	0	0																																																					800											800											800											800											1											0											800							Classroom_Others	Classroom_Others					0																																												0																																	800											800											800											800											1											0											800											800											800											800											800											1											0											800							0		0			0																		0																																																		
Recording064	ProVisioNET_study_109_01	Male	Novice	snapshot_classroom_others	58	snapshot_classroom_others	1579	1499093	0	0	0	0	0	0	0	0	0	0	0	0	0	0	0	0	0	0	0	0	0	0	0	0	0	0	0	0	0	0	0	0	0	0	0	0	0	0	0	0	0	0	0	0	0	0	0	0																																																					860											287											100											640											3											0											100							Classroom_Others	Classroom_Others					0																																												0																																	1579											1579											1579											1579											1											0											1579											1579											1579											1579											1579											1											0											1579							0		0			0																		3																																																		
Recording064	ProVisioNET_study_109_01	Male	Novice	snapshot_classroom_others	59	snapshot_classroom_others	120	1507268	0	0	0	0	0	0	0	0	0	0	0	0	0	0	0	0	0	0	0	0	0	0	0	0	0	0	0	0	0	0	0	0	0	0	0	0	0	0	0	0	0	0	0	0	0	0	0	0																																																					120											120											120											120											1											0											120							Classroom_Others	Classroom_Others					0																																												0																																	120											120											120											120											1											0											120											120											120											120											120											1											0											120							0		0			0																		0																																																		
Recording064	ProVisioNET_study_109_01	Male	Novice	snapshot_classroom_others	60	snapshot_classroom_others	80	1512745	0	0	0	0	0	0	0	0	0	0	0	0	0	0	0	0	0	0	0	0	0	0	0	0	0	0	0	0	0	0	0	0	0	0	0	0	0	0	0	0	0	0	0	0	0	0	0	0																																																					80											80											80											80											1											0											80							Classroom_Others	Classroom_Others					0																																												0																																	80											80											80											80											1											0											80											80											80											80											80											1											0											80							0		0			0																		0																																																		
Recording064	ProVisioNET_study_109_01	Male	Novice	snapshot_disruptive_person	1	snapshot_disruptive_person	4277	621471	0	0	0	0	0	0	0	0	0	0	0	0	0	0	0	0	0	0	0	0	0	0	0	0	0	0	0	0	0	0	0	0	0	0	0	0	0	0	0	0	0	1	0	0	0	0	0	1																																										4014						401						1799											600											120											1279											3											0											1279						Disruptive_Person	Disruptive_Person						0																																												0																																	4277											4277											4277											4277											1											0											4277											4277											4277											4277											4277											1											0											4277						0		0			0																			6																																																	
Recording064	ProVisioNET_study_109_01	Male	Novice	snapshot_disruptive_person	2	snapshot_disruptive_person	8795	804644	0	0	0	0	0	0	0	0	0	0	0	0	0	0	1	0	0	0	0	0	0	0	0	0	0	0	0	0	0	0	0	0	0	0	0	1	0	0	0	0	0	0	0	0	0	0	0	0															7679																					5514																		7556											1259											120											3718											6											0											3718						Disruptive_Person	Disruptive_Person						0																																												0																																	8795											8795											8795											8795											1											0											8795											8795											8795											8795											8795											1											0											8795						0		0			0																			4																																																	
Recording064	ProVisioNET_study_109_01	Male	Novice	snapshot_disruptive_person	3	snapshot_disruptive_person	6576	892373	0	0	0	0	0	0	0	0	0	0	0	0	0	0	0	0	0	0	0	0	0	0	0	0	0	0	0	0	0	0	0	0	0	0	0	0	0	0	0	0	1	0	0	1	0	0	0	0																																									994			1994										6296											3148											2199											4098											2											0											4098						Disruptive_Person	Disruptive_Person						0																																												0																																	6576											6576											6576											6576											1											0											6576											6576											6576											6576											6576											1											0											6576						0		0			0																			0																																																	
Recording064	ProVisioNET_study_109_01	Male	Novice	snapshot_disruptive_person	4	snapshot_disruptive_person	4417	990435	0	0	0	0	0	0	0	0	0	0	0	0	0	0	0	0	0	0	0	0	0	0	0	0	0	0	0	0	0	0	0	1	0	0	0	0	0	0	0	1	0	0	0	0	0	0	0	0																																4044								1730														4038											808											140											2838											5											0											400						Disruptive_Person	Disruptive_Person						0																																												0																																	4417											4417											4417											4417											1											0											4417											4417											4417											4417											4417											1											0											4417						0		0			0																			3																																																	
Recording064	ProVisioNET_study_109_01	Male	Novice	snapshot_disruptive_person	5	snapshot_disruptive_person	4617	1074106	0	0	0	0	0	0	0	0	0	0	0	0	0	0	0	0	0	0	0	0	1	0	0	0	0	0	0	0	0	0	0	0	0	0	0	0	0	1	0	0	0	0	0	0	0	0	0	0																					4062																	2589																3758											1253											740											2179											3											0											840						Disruptive_Person	Disruptive_Person						0																																												0																																	4617											4617											4617											4617											1											0											4617											4617											4617											4617											4617											1											0											4617						0		0			0																			3																																																	
Recording064	ProVisioNET_study_109_01	Male	Novice	snapshot_disruptive_person	6	snapshot_disruptive_person	8115	1162613	0	0	0	0	0	0	0	0	0	0	0	1	1	0	0	0	0	0	0	0	0	0	0	0	0	0	0	0	0	0	0	0	0	0	1	0	0	0	0	0	0	0	0	0	0	0	0	0												8068	295																						6285																			5357											893											80											3458											6											0											220						Disruptive_Person	Disruptive_Person						0																																												0																																	8115											8115											8115											8115											1											0											8115											8115											8115											8115											8115											1											0											8115						0		0			0																			5																																																	
Recording064	ProVisioNET_study_109_01	Male	Novice	snapshot_disruptive_person	7	snapshot_disruptive_person	3678	1252500	0	0	0	0	0	0	0	0	0	0	0	0	0	0	0	0	0	0	1	0	0	0	0	0	0	0	0	0	0	0	0	0	0	0	0	0	1	0	0	0	0	0	0	0	0	0	0	0																			507																		2516																	2878											576											140											1359											5											0											160						Disruptive_Person	Disruptive_Person						0																																												0																																	3678											3678											3678											3678											1											0											3678											3678											3678											3678											3678											1											0											3678						0		0			0																			3																																																	
Recording064	ProVisioNET_study_109_01	Male	Novice	snapshot_disruptive_person	8	snapshot_disruptive_person	6036	1343046	0	0	0	0	0	0	0	0	1	1	0	0	0	0	0	0	0	0	0	0	0	0	0	0	0	0	0	0	0	0	0	0	0	1	0	0	0	0	0	0	0	0	0	0	0	0	0	0									5577	845																								4778																				5377											1792											340											3118											3											0											3118						Disruptive_Person	Disruptive_Person						0																																												0																																	6036											6036											6036											6036											1											0											6036											6036											6036											6036											6036											1											0											6036						0		0			0																			3																																																	
Recording064	ProVisioNET_study_109_01	Male	Novice	snapshot_material_teacher	1	snapshot_material_teacher	280	460925	0	0	0	0	0	0	0	0	0	0	0	0	0	0	0	0	0	0	0	0	0	0	0	0	0	0	0	0	0	0	0	0	0	0	0	0	0	0	0	0	0	0	0	0	0	0	0	0																																																								240											240											240											240											1											40											240				Material_Teacher	Material_Teacher								0																																												0																																	240											240											240											240											1											40											240											280											280											280											280											1											0											280				0		0			0																					0																																															
Recording064	ProVisioNET_study_109_01	Male	Novice	snapshot_material_teacher	2	snapshot_material_teacher	5077	526806	0	0	0	0	0	0	0	0	0	0	0	0	0	0	0	0	0	0	0	0	0	0	0	0	0	0	0	0	0	0	0	0	0	0	0	0	0	0	0	0	0	0	0	0	0	0	0	0																																																								4797											1199											200											2259											4											0											200				Material_Teacher	Material_Teacher								0																																												0																																	5077											5077											5077											5077											1											0											5077											5077											5077											5077											5077											1											0											5077				0		0			0																					2																																															
Recording064	ProVisioNET_study_109_01	Male	Novice	snapshot_material_teacher	3	snapshot_material_teacher	6696	579076	0	0	0	0	0	0	0	0	0	0	0	0	0	0	0	0	0	0	0	0	0	0	0	0	0	0	0	0	0	0	0	0	0	0	0	0	0	0	0	0	0	0	0	0	0	0	0	0																																																								5317											443											120											899											12											0											140				Material_Teacher	Material_Teacher								0																																												0																																	6696											6696											6696											6696											1											0											6696											6696											6696											6696											6696											1											0											6696				0		0			0																					8																																															
Recording064	ProVisioNET_study_109_01	Male	Novice	snapshot_material_teacher	4	snapshot_material_teacher	480	617933	0	0	0	0	0	0	0	0	0	0	0	0	0	0	0	0	0	0	0	0	0	0	0	0	0	0	0	0	0	0	0	0	0	0	0	0	0	0	0	0	0	0	0	0	0	0	0	0																																																								480											480											480											480											1											0											480				Material_Teacher	Material_Teacher								0																																												0																																	480											480											480											480											1											0											480											480											480											480											480											1											0											480				0		0			0																					0																																															
Recording064	ProVisioNET_study_109_01	Male	Novice	snapshot_material_teacher	5	snapshot_material_teacher	180	641699	0	0	0	0	0	0	0	0	0	0	0	0	0	0	0	0	0	0	0	0	0	0	0	0	0	0	0	0	0	0	0	0	0	0	0	0	0	0	0	0	0	0	0	0	0	0	0	0																																																								180											180											180											180											1											0											180				Material_Teacher	Material_Teacher								0																																												0																																	180											180											180											180											1											0											180											180											180											180											180											1											0											180				0		0			0																					0																																															
Recording064	ProVisioNET_study_109_01	Male	Novice	snapshot_material_teacher	6	snapshot_material_teacher	11753	649455	0	0	0	0	0	0	0	0	0	0	0	0	0	0	0	0	0	0	0	0	0	0	0	0	0	0	0	0	0	0	0	0	0	0	0	0	0	0	0	0	0	0	0	0	0	1	0	0																																														2417										8035											893											140											2818											9											0											2818				Material_Teacher	Material_Teacher								0																																												0																																	11753											11753											11753											11753											1											0											11753											11753											11753											11753											11753											1											0											11753				0		0			0																					5																																															
Recording064	ProVisioNET_study_109_01	Male	Novice	snapshot_material_teacher	7	snapshot_material_teacher	32801	667025	0	0	0	0	0	0	0	0	0	0	0	0	0	0	0	0	0	0	0	0	0	0	0	0	0	0	0	0	0	0	0	0	0	0	0	0	0	0	0	0	0	0	0	0	0	0	0	0																																																								29063											1002											100											6436											29											0											160				Material_Teacher	Material_Teacher								0																																												0																																	32801											32801											32801											32801											1											0											32801											32801											32801											32801											32801											1											0											32801				0		0			0																					29																																															
Recording064	ProVisioNET_study_109_01	Male	Novice	snapshot_material_teacher	8	snapshot_material_teacher	21427	705063	0	0	0	0	0	0	0	0	0	0	0	0	0	0	0	0	0	0	0	0	0	0	0	1	1	0	0	0	0	0	0	0	0	0	0	0	0	0	1	0	0	0	0	0	0	0	0	0																								9544	7558														9544																	18549											927											140											6076											20											0											180				Material_Teacher	Material_Teacher								0																																												0																																	21427											21427											21427											21427											1											0											21427											21427											21427											21427											21427											1											0											21427				0		0			0																					18																																															
Recording064	ProVisioNET_study_109_01	Male	Novice	snapshot_material_teacher	9	snapshot_material_teacher	600	760250	0	0	0	0	0	0	0	0	0	0	0	0	0	0	0	0	0	0	0	0	0	0	0	0	0	0	0	0	0	0	0	0	0	0	0	0	0	0	0	0	0	0	0	0	0	0	0	0																																																								600											600											600											600											1											0											600				Material_Teacher	Material_Teacher								0																																												0																																	600											600											600											600											1											0											600											600											600											600											600											1											0											600				0		0			0																					0																																															
Recording064	ProVisioNET_study_109_01	Male	Novice	snapshot_material_teacher	10	snapshot_material_teacher	2039	776481	0	0	0	0	0	0	0	0	0	0	0	0	0	0	0	0	0	0	0	0	0	0	0	0	0	0	0	0	0	0	0	0	0	0	0	0	0	0	0	0	0	0	0	0	0	0	0	0																																																								820											273											100											400											3											0											400				Material_Teacher	Material_Teacher								0																																												0																																	2039											2039											2039											2039											1											0											2039											2039											2039											2039											2039											1											0											2039				0		0			0																					1																																															
Recording064	ProVisioNET_study_109_01	Male	Novice	snapshot_material_teacher	11	snapshot_material_teacher	160	832828	0	0	0	0	0	0	0	0	0	0	0	0	0	0	0	0	0	0	0	0	0	0	0	0	0	0	0	0	0	0	0	0	0	0	0	0	0	0	0	0	0	0	0	0	0	0	0	0																																																								160											160											160											160											1											0											160				Material_Teacher	Material_Teacher								0																																												0																																	160											160											160											160											1											0											160											160											160											160											160											1											0											160				0		0			0																					0																																															
Recording064	ProVisioNET_study_109_01	Male	Novice	snapshot_material_teacher	12	snapshot_material_teacher	7935	850237	0	0	0	0	0	0	0	0	0	0	0	0	0	0	0	0	0	0	0	0	0	0	0	0	0	0	0	0	0	0	0	0	0	0	0	0	0	0	0	0	0	0	0	0	0	0	0	0																																																								1379											276											140											520											5											0											280				Material_Teacher	Material_Teacher								0																																												0																																	7935											7935											7935											7935											1											0											7935											7935											7935											7935											7935											1											0											7935				0		0			0																					2																																															
Recording064	ProVisioNET_study_109_01	Male	Novice	snapshot_material_teacher	13	snapshot_material_teacher	9175	863709	0	0	0	0	0	0	0	0	0	0	0	0	0	0	0	0	0	0	0	0	0	0	0	0	0	0	0	0	0	0	0	0	0	0	0	0	0	0	0	0	0	0	0	0	0	0	0	0																																																								8215											632											180											1479											13											0											899				Material_Teacher	Material_Teacher								0																																												0																																	9175											9175											9175											9175											1											0											9175											9175											9175											9175											9175											1											0											9175				0		0			0																					13																																															
Recording064	ProVisioNET_study_109_01	Male	Novice	snapshot_material_teacher	14	snapshot_material_teacher	1499	980581	0	0	0	0	0	0	0	0	0	0	0	0	0	0	0	0	0	0	0	0	0	0	0	0	0	0	0	0	0	0	0	0	0	0	0	0	0	0	0	0	0	0	0	0	0	0	0	0																																																								1499											1499											1499											1499											1											0											1499				Material_Teacher	Material_Teacher								0																																												0																																	1499											1499											1499											1499											1											0											1499											1499											1499											1499											1499											1											0											1499				0		0			0																					0																																															
Recording064	ProVisioNET_study_109_01	Male	Novice	snapshot_material_teacher	15	snapshot_material_teacher	160	1013881	0	0	0	0	0	0	0	0	0	0	0	0	0	0	0	0	0	0	0	0	0	0	0	0	0	0	0	0	0	0	0	0	0	0	0	0	0	0	0	0	0	0	0	0	0	0	0	0																																																								160											160											160											160											1											0											160				Material_Teacher	Material_Teacher								0																																												0																																	160											160											160											160											1											0											160											160											160											160											160											1											0											160				0		0			0																					0																																															
Recording064	ProVisioNET_study_109_01	Male	Novice	snapshot_material_teacher	16	snapshot_material_teacher	6176	1022136	0	0	0	0	0	0	0	0	0	0	0	0	0	0	0	0	0	0	0	0	0	0	0	0	0	0	0	0	0	0	0	0	0	0	0	0	0	0	0	0	0	0	0	0	0	0	0	0																																																								2339											468											160											1179											5											0											160				Material_Teacher	Material_Teacher								0																																												0																																	6176											6176											6176											6176											1											0											6176											6176											6176											6176											6176											1											0											6176				0		0			0																					9																																															
Recording064	ProVisioNET_study_109_01	Male	Novice	snapshot_material_teacher	17	snapshot_material_teacher	2079	1196993	0	0	0	0	0	0	0	0	0	0	0	0	0	0	0	0	0	0	0	0	0	0	0	0	0	0	0	0	0	0	0	0	0	0	0	0	0	0	0	0	0	0	0	0	0	0	0	0																																																								2059											1029											919											1139											2											0											1139				Material_Teacher	Material_Teacher								0																																												0																																	2079											2079											2079											2079											1											0											2079											2079											2079											2079											2079											1											0											2079				0		0			0																					1																																															
Recording064	ProVisioNET_study_109_01	Male	Novice	snapshot_material_teacher	18	snapshot_material_teacher	9914	1207207	0	0	0	0	0	0	0	0	0	0	0	0	0	0	0	0	0	0	0	0	0	0	0	0	0	0	0	0	0	0	0	0	0	0	0	0	0	0	0	0	0	0	0	0	0	0	0	0																																																								1459											243											180											360											6											0											360				Material_Teacher	Material_Teacher								0																																												0																																	9914											9914											9914											9914											1											0											9914											9914											9914											9914											9914											1											0											9914				0		0			0																					10																																															
Recording064	ProVisioNET_study_109_01	Male	Novice	snapshot_material_teacher	19	snapshot_material_teacher	4078	1301311	0	0	0	0	0	0	0	0	0	0	0	0	0	0	0	0	0	0	0	0	0	0	0	0	0	0	0	0	0	0	0	0	0	0	0	0	0	0	0	0	0	0	0	0	0	0	0	0																																																								3738											934											340											1939											4											0											760				Material_Teacher	Material_Teacher								0																																												0																																	4078											4078											4078											4078											1											0											4078											4078											4078											4078											4078											1											0											4078				0		0			0																					2																																															
Recording064	ProVisioNET_study_109_01	Male	Novice	snapshot_material_teacher	20	snapshot_material_teacher	2898	1442427	0	0	0	0	0	0	0	0	0	0	0	0	0	0	0	0	0	0	0	0	0	0	0	0	0	0	0	0	0	0	0	0	0	0	0	0	0	0	0	0	0	0	0	0	0	0	0	0																																																								999											333											140											640											3											0											220				Material_Teacher	Material_Teacher								0																																												0																																	2898											2898											2898											2898											1											0											2898											2898											2898											2898											2898											1											0											2898				0		0			0																					2																																															
<<<<<<< Updated upstream
Recording064	ProVisioNET_study_109_01	Male	Novice	snapshot_students	1	snapshot_students	71978	454648	0	0	1	0	0	0	0	0	0	0	0	0	0	0	0	0	0	0	0	0	0	0	0	0	0	0	0	0	0	0	0	0	0	0	0	0	0	0	0	0	0	0	0	0	0	0	0	0			13067																																														6796	36199		6236								618	1293		416								120	160		80								2119	3638		999								11	28		15								380	1599		0								260	160		160								Anna	Anna	0	0		0																																									0	0		0																														9075	44774		6536								1134	4070		726								280	160		160								3118	13672		1339								8	11		9								380	1599		0								1179	160		360								9075	44774		6536								1134	4070		726								280	160		160								3118	13672		1339								8	11		9								380	1599		0								1179	160		360								0		0			0														5	9		4								360	1559		2279								1559	1759		360								160,48	291,69		520,53								291,69	306,15		160,48							
Recording064	ProVisioNET_study_109_01	Male	Novice	snapshot_students	2	snapshot_students	6156	532083	0	0	0	0	0	0	0	0	0	0	0	0	0	0	0	0	0	0	0	0	0	0	0	0	0	0	0	0	0	0	0	0	0	0	0	0	0	0	0	0	0	0	0	0	0	0	0	0																																																	1499	780		0								500	780										120	780										760	780										3	1		0								0	5377										120	780										Bianca	Bianca	0	0		0																																									0	0		0																														5317	780		0								5317	780										5317	780										5317	780										1	1		0								0	5377										5317	780										5317	780		0								5317	780										5317	780										5317	780										1	1		0								0	5377										5317	780										0		0			0														5	0		0									5317										5317												383,99										383,99										
Recording064	ProVisioNET_study_109_01	Male	Novice	snapshot_students	3	snapshot_students	380	544236	0	0	0	0	0	0	0	0	0	0	0	0	0	0	0	0	0	0	0	0	0	0	0	0	0	0	0	0	0	0	0	0	0	0	0	0	0	0	0	0	0	0	0	0	0	0	0	0																																																	380	0		0								380											380											380											1	0		0								0											380											Anna	Anna	0	0		0																																									0	0		0																														380	0		0								380											380											380											1	0		0								0											380											380	0		0								380											380											380											1	0		0								0											380											0		0			0														0	0		0																																																			
Recording064	ProVisioNET_study_109_01	Male	Novice	snapshot_students	4	snapshot_students	29223	549753	0	0	0	0	0	0	0	0	0	0	0	0	0	0	0	0	0	0	0	0	0	0	0	0	0	0	0	0	0	0	0	0	0	0	0	0	0	0	0	0	0	0	0	0	0	0	0	0																																																	1819	12733		979								303	1273		490								100	140		440								959	2838		540								6	10		2								1799	0		5657								120	620		440								Bianca	Bianca	0	0		0																																									0	0		0																														3938	16191		979								984	2698		490								100	420		440								3338	5697		540								4	6		2								1799	0		5657								3338	620		440								3938	16191		979								984	2698		490								100	420		440								3338	5697		540								4	6		2								1799	0		5657								3338	620		440								0		0			0														1	3		0									5137		5617								5137	5617											399,66		360,62								399,66	360,62									
Recording064	ProVisioNET_study_109_01	Male	Novice	snapshot_students	5	snapshot_students	79654	586132	0	0	0	0	0	0	0	0	0	0	0	0	0	0	0	0	0	0	0	0	0	0	0	0	0	0	0	0	0	0	0	0	0	0	0	0	0	0	0	0	0	1	0	0	0	1	1	1																																										39353				65740	40238	35740	6956	25325		23066								696	1013		1442								120	80		80								2618	4138		5257								10	25		16								3258	0		2219								740	320		320								Anna	Anna	0	0		0																																									0	0		0																														8255	34640		24945								1032	2474		4158								200	100		320								4437	15371		12892								8	14		6								3258	0		2219								740	2159		320								8255	34640		24945								1032	2474		4158								200	100		320								4437	15371		12892								8	14		6								3258	0		2219								740	2159		320								0		0			0														3	11		5								3218	2539		2159								3998	2159		2539								287,87	357,68		397,78								272,7	397,78		357,68							
Recording064	ProVisioNET_study_109_01	Male	Novice	snapshot_students	6	snapshot_students	16690	717835	0	0	0	0	0	0	0	0	0	0	0	0	0	0	0	0	0	0	0	0	0	0	0	0	0	0	0	0	0	0	0	0	0	0	0	0	0	0	0	0	0	0	0	0	0	0	0	0																																																	1919	3118		720								480	624		360								200	180		180								840	879		540								4	5		2								9474	0		3818								840	740		540								Anna	Anna	0	0		0																																									0	0		0																														3358	7496		720								1119	1874		360								200	740		180								2499	4997		540								3	4		2								9474	0		3818								2499	740		540								3358	7496		720								1119	1874		360								200	740		180								2499	4997		540								3	4		2								9474	0		3818								2499	740		540								0		0			0														1	8		0								9414	4357		3758								11973	740		4357								392,38	350,93		374,64								390,01	272,28		350,93							
Recording064	ProVisioNET_study_109_01	Male	Novice	snapshot_students	7	snapshot_students	20308	739562	0	0	0	0	0	0	0	0	0	0	0	0	0	0	0	0	0	0	0	0	0	0	1	0	0	0	0	0	0	0	0	0	0	0	0	0	0	0	0	0	0	0	0	0	0	0	0	0																							3059																										3198	2858		1839								640	286		306								140	100		120								1539	720		740								5	10		6								1679	0		400								840	340		120								Anna	Anna	0	0		0																																									0	0		0																														7436	7036		2099								2479	1407		700								140	320		320								6456	5097		1139								3	5		3								1679	0		400								840	340		320								7436	7036		2139								2479	1407		713								140	320		360								6456	5097		1139								3	5		3								1679	0		360								840	340		360								0		0			0														0	5		2								1619	720		2918								2519	340		720								378,26	375,59		179,51								369,25	354,82		375,59							
Recording064	ProVisioNET_study_109_01	Male	Novice	snapshot_students	8	snapshot_students	5217	768405	0	0	0	0	0	0	0	0	0	0	0	0	0	0	0	0	0	0	0	0	0	0	0	0	0	0	0	0	0	0	0	0	0	0	0	0	0	0	0	0	0	0	0	0	0	0	0	0																																																	1619	2698		480								810	1349		240								160	879		120								1459	1819		360								2	2		2								0	220		2119								160	1819		120								Anna	Anna	0	0		0																																									0	0		0																														1619	2698		500								810	1349		500								160	879		500								1459	1819		500								2	2		1								0	220		2119								160	1819		500								1619	2698		500								810	1349		500								160	879		500								1459	1819		500								2	2		1								0	220		2119								160	1819		500								0		0			0														0	0		1								3738	160		2039								160	2039		2618								183,47	340,84		343,62								340,84	343,62		291,33							
Recording064	ProVisioNET_study_109_01	Male	Novice	snapshot_students	9	snapshot_students	2818	782717	0	0	0	0	0	0	0	0	0	0	0	0	0	0	0	0	0	0	0	0	0	0	0	0	0	0	0	0	0	0	0	0	0	0	0	0	0	0	0	0	0	0	0	0	0	0	0	0																																																	2339	240		0								1169	240										500	240										1839	240										2	1		0								0	680										500	240										Anna	Anna	0	0		0																																									0	0		0																														2339	240		0								1169	240										500	240										1839	240										2	1		0								0	680										500	240										2339	240		0								1169	240										500	240										1839	240										2	1		0								0	680										500	240										0		0			0														0	0		0								919												919										371,8												371,8									
Recording064	ProVisioNET_study_109_01	Male	Novice	snapshot_students	10	snapshot_students	19808	793051	0	0	0	0	0	0	0	0	0	0	0	0	0	0	1	1	0	0	0	0	0	0	0	0	0	0	0	0	0	0	0	0	0	0	0	1	0	0	0	0	0	0	0	0	0	0	0	0															19272	9473																				17107													800	3978		5797								400	796		1159								340	460		220								460	1299		2579								2	5		5								5957	0		520								340	460		999								Carl(a)	Carl(a)	0	0		0																																									0	0		0																														4377	3998		6776								4377	999		2259								4377	460		999								4377	1299		4397								1	4		3								5957	0		520								4377	460		999								4377	3998		6776								4377	999		2259								4377	460		999								4377	1299		4397								1	4		3								5957	0		520								4377	460		999								0		0			0														2	1		3								5897	4717		460									460		4717								280,63	312,36		340,49									340,49		312,36							
Recording064	ProVisioNET_study_109_01	Male	Novice	snapshot_students	11	snapshot_students	21987	826831	0	0	0	0	0	0	0	0	0	0	0	0	0	1	0	0	0	0	0	0	0	0	0	0	0	0	0	0	0	0	0	0	0	0	0	0	0	0	0	0	0	0	0	0	0	0	0	0														5693																																			8475	3458		1099								1695	1729		550								240	620		180								3558	2838		919								5	2		2								2159	0		680								1139	620		180								Anna	Anna	0	0		0																																									0	0		0																														16690	3458		1159								8345	1729		1159								5297	620		1159								11393	2838		1159								2	2		1								2159	0		680								11393	620		1159								16690	3458		1159								8345	1729		1159								5297	620		1159								11393	2838		1159								2	2		1								2159	0		680								11393	620		1159								0		0			0														17	0		1								2119	13552		620								13552	620										232,8	354,34		283,73								354,34	283,73									
Recording064	ProVisioNET_study_109_01	Male	Novice	snapshot_students	12	snapshot_students	1719	858613	0	0	0	0	0	0	0	0	0	0	0	0	0	0	0	0	0	0	0	0	0	0	0	0	0	0	0	0	0	0	0	0	0	0	0	0	0	0	0	0	0	0	0	0	0	0	0	0																																																	460	540		0								230	540										100	540										360	540										2	1		0								1219	0										100	540										Anna	Anna	0	0		0																																									0	0		0																														500	540		0								500	540										500	540										500	540										1	1		0								1219	0										500	540										500	540		0								500	540										500	540										500	540										1	1		0								1219	0										500	540										0		0			0														1	0		0								1159												540										214,3												195,2									
Recording064	ProVisioNET_study_109_01	Male	Novice	snapshot_students	13	snapshot_students	152930	873124	0	0	0	0	0	0	0	0	0	0	0	0	0	0	0	0	0	0	0	0	0	0	0	0	0	0	0	0	0	0	1	1	1	0	0	0	0	0	0	1	1	0	1	1	1	0	0	0																															139136	121355	109436							119041	20243		48901	21242	18901				48711	26105		27264								1188	900		1435								80	100		140								4098	3858		6816								41	29		19								3478	0		879								800	100		300								Bianca	Bianca	0	0		0																																									0	0		0																														73017	30762		35419								6638	1465		3220								660	260		280								13592	6276		14991								11	21		11								3478	0		879								9354	820		600								73017	30802		35419								6638	1467		3220								660	260		280								13592	6276		14991								11	21		11								3478	0		879								9354	820		600								0		0			0														41	13		8								3418	1479		820								12832	820		1479								332,78	292,75		310,96								358,77	310,96		292,75							
Recording064	ProVisioNET_study_109_01	Male	Novice	snapshot_students	14	snapshot_students	15911	1037607	0	0	0	0	0	0	0	0	0	0	0	0	0	0	0	0	0	0	0	0	0	0	0	0	0	0	0	0	0	0	0	0	0	0	0	0	0	0	0	0	0	0	0	0	0	0	0	0																																																	340	4597		2359								340	511		393								340	120		100								340	959		660								1	9		6								10394	0		1279								340	340		660								Carl(a)	Carl(a)	0	0		0																																									0	0		0																														340	7995		2399								340	1999		600								340	340		320								340	5237		1079								1	4		4								10394	0		1279								340	340		660								340	7995		2399								340	1999		600								340	340		320								340	5237		1079								1	4		4								10394	0		1279								340	340		660								0		0			0														0	11		2								10354	5077		1219								10734	340		1939								239,77	206,74		304,09								414,11	281,95		325,22							
Recording064	ProVisioNET_study_109_01	Male	Novice	snapshot_students	15	snapshot_students	57486	1063812	0	0	0	0	0	0	0	0	0	0	0	0	0	0	0	0	0	0	0	1	1	1	0	0	0	0	0	0	0	0	0	0	0	0	0	0	0	1	0	0	0	0	0	0	0	0	0	0																				39698	14355	9698																12883											8975	13952		2638								816	734		660								160	100		500								2858	2818		760								11	19		4								5916	0		25945								879	160		620								Bianca	Bianca	0	0		0																																									0	0		0																														13292	19349		2738								1899	2150		1369								400	100		760								5137	5457		1979								7	9		2								5916	0		25945								879	1779		1979								13292	19349		2738								1899	2150		1369								400	100		760								5137	5457		1979								7	9		2								5916	0		25945								879	1779		1979								0		0			0														10	17		2								5896	10234		25925								6796	1779		41875								185,11	303,59		125,37								190	250,96		307,94							
Recording064	ProVisioNET_study_109_01	Male	Novice	snapshot_students	16	snapshot_students	14891	1131232	0	0	0	0	0	0	0	0	0	0	0	0	0	0	0	0	0	0	0	0	0	0	0	0	0	0	0	0	0	0	0	0	0	0	0	0	0	0	0	0	0	0	0	0	0	0	0	0																																																	2738	1079		4078								685	360		680								600	200		180								780	520		1599								4	3		6								9095	8135		0								600	360		840								Bianca	Bianca	0	0		0																																									0	0		0																														4557	1079		6116								2279	360		6116								1879	200		6116								2678	520		6116								2	3		1								9095	8135		0								1879	360		6116								4557	1079		6116								2279	360		6116								1879	200		6116								2678	520		6116								2	3		1								9095	8135		0								1879	360		6116								0		0			0														4	0		8								9075	8095										14332	8495										136,33	132,1										231,62	232,37									
Recording064	ProVisioNET_study_109_01	Male	Novice	snapshot_students	17	snapshot_students	53748	1152959	0	0	0	0	0	0	0	0	0	0	1	1	1	0	0	0	0	0	0	0	0	0	0	0	0	0	0	0	0	0	0	0	0	0	1	0	0	0	0	0	0	0	0	0	0	0	0	0											39949	17722	9949																						15939														4917	11133		10294								702	655		735								220	100		200								1619	1719		3458								7	17		14								3458	0		8695								640	460		200								Carl(a)	Carl(a)	0	0		0																																									0	0		0																														6696	16890		16810								1339	2111		2802								220	100		360								2598	6316		8555								5	8		6								3458	0		8695								640	1179		8555								6696	16890		16810								1339	2111		2802								220	100		360								2598	6316		8555								5	8		6								3458	0		8695								640	1179		8555								0		0			0														6	12		17								3438	4098		8655								4098	1179		25925								155,9	234,21		157,65								234,21	145,22		193,94							
Recording064	ProVisioNET_study_109_01	Male	Novice	snapshot_students	18	snapshot_students	57326	1214342	0	0	0	0	0	0	0	0	0	0	0	0	0	0	0	0	0	1	1	0	0	0	0	0	0	0	0	0	0	0	0	0	0	0	0	0	1	0	0	0	0	0	0	0	0	0	0	0																		42373	38665																		40674												18249	9115		2019								960	506		252								100	100		120								3118	1059		460								19	18		8								0	4957		5277								100	280		160								Carl(a)	Carl(a)	0	0		0																																									0	0		0																														23966	20208		2119								2996	2526		530								240	140		160								5996	9794		1279								8	8		4								0	4957		5277								4937	280		160								23966	20208		2119								2996	2526		530								240	140		160								5996	9794		1279								8	8		4								0	4957		5277								4937	280		160								0		0			0														9	19		4								11153	4937		5237								4937	5237		5437								133,16	320,79		369,67								320,79	369,67		266,64							
Recording064	ProVisioNET_study_109_01	Male	Novice	snapshot_students	19	snapshot_students	51769	1277525	0	0	0	0	0	0	0	0	0	0	0	0	0	0	0	0	1	0	0	0	0	0	0	0	0	0	0	0	0	0	0	0	0	0	0	0	0	0	0	0	0	0	0	0	0	0	0	0																	5674																																5237	22647		1279								655	1192		640								280	240		560								2339	4177		720								8	19		2								13072	0		11633								460	2299		720								Bianca	Bianca	0	0		0																																									0	0		0																														8135	38557		1279								1356	4284		640								380	320		560								3658	15831		720								6	9		2								13072	0		11633								460	11573		720								8135	38557		1279								1356	4284		640								380	320		560								3658	15831		720								6	9		2								13072	0		11633								460	11573		720								0		0			0														0	19		0								13032	12353		11573								13532	11573		12353								199,67	389,63		360,21								352,76	360,21		389,63							
Recording064	ProVisioNET_study_109_01	Male	Novice	snapshot_students	20	snapshot_students	42335	1337769	0	0	0	0	0	0	0	1	1	1	0	0	0	0	0	0	0	0	0	0	0	0	0	0	0	0	0	0	0	0	0	0	0	1	0	0	0	0	0	0	0	0	0	0	0	0	0	0								36122	10854	6122																								10055															2219	22167		3098								740	1478		620								300	100		80								1419	3118		1679								3	15		5								8455	0		34000								500	100		440								Carl(a)	Carl(a)	0	0		0																																									0	0		0																														2219	31501		3198								740	7875		1066								300	140		300								1419	22567		2459								3	4		3								8455	0		34000								500	8395		440								2219	31501		3198								740	7875		1066								300	140		300								1419	22567		2459								3	4		3								8455	0		34000								500	8395		440								0		0			0														0	17		0								8395	9354		33940								8955	8395		34440								354,36	240,58		418,79								478,92	354,36		175,33							
Recording064	ProVisioNET_study_109_01	Male	Novice	snapshot_students	21	snapshot_students	45533	1389019	0	0	0	0	0	0	0	0	0	0	0	0	0	0	0	0	0	0	0	0	0	0	0	0	0	0	0	0	0	0	0	0	0	0	0	0	0	0	0	0	0	0	0	0	0	0	0	0																																																	9075	18949		1119								1134	947		280								100	100		220								3918	4357		380								8	20		4								6556	0		1439								100	680		220								Anna	Anna	0	0		0																																									0	0		0																														10514	25405		1119								2103	2823		280								100	380		220								4198	7536		380								5	9		4								6556	0		1439								100	1379		220								10514	25405		1119								2103	2823		280								100	380		220								4198	7536		380								5	9		4								6556	0		1439								100	1379		220								0		0			0														4	14		0								20208	7595		3918								6656	13152		13432								356,32	384,01		235,28								109,12	358,25		334,29							
Recording064	ProVisioNET_study_109_01	Male	Novice	snapshot_students	22	snapshot_students	8375	1439908	0	0	0	0	0	0	0	0	0	0	0	0	0	0	0	0	0	0	0	0	0	0	0	0	0	0	0	0	0	0	0	0	0	0	0	0	0	0	0	0	0	0	0	0	0	0	0	0																																																	1619	420		680								810	210		680								460	180		680								1159	240		680								2	2		1								5697	0		220								1159	180		680								Anna	Anna	0	0		0																																									0	0		0																														2678	420		680								2678	210		680								2678	180		680								2678	240		680								1	2		1								5697	0		220								2678	180		680								2678	420		680								2678	210		680								2678	180		680								2678	240		680								1	2		1								5697	0		220								2678	180		680								0		0			0														1	0		0									899		180									180		899									229,38		327,76									327,76		229,38							
Recording064	ProVisioNET_study_109_01	Male	Novice	snapshot_students	23	snapshot_students	29023	1464893	0	0	0	0	0	0	0	0	0	0	0	0	0	0	0	0	0	0	0	0	0	0	0	0	0	0	0	0	0	0	0	0	0	0	0	0	0	0	0	0	0	0	0	0	0	0	0	0																																																	10294	8615		2479								1144	1436		620								160	80		160								2419	3158		1699								9	6		4								0	200		8035								160	1939		320								Anna	Anna	0	0		0																																									0	0		0																														16330	9215		2519								4083	2304		1259								160	1139		320								8055	4737		2199								4	4		2								0	200		8035								160	1939		320								16330	9215		2519								4083	2304		1259								160	1139		320								8055	4737		2199								4	4		2								0	200		8035								160	1939		320								0		0			0														9	1		2								2139	160		7975								160	2139		8355								341,67	284,5		363,9								284,5	341,67		325,81							
Recording064	ProVisioNET_study_109_01	Male	Novice	snapshot_students	24	snapshot_students	580	1499233	0	0	0	0	0	0	0	0	0	0	0	0	0	0	0	0	0	0	0	0	0	0	0	0	0	0	0	0	0	0	0	0	0	0	0	0	0	0	0	0	0	0	0	0	0	0	0	0																																																	580	0		0								580											580											580											1	0		0								0											580											Anna	Anna	0	0		0																																									0	0		0																														580	0		0								580											580											580											1	0		0								0											580											580	0		0								580											580											580											1	0		0								0											580											0		0			0														0	0		0																																																			
Recording064	ProVisioNET_study_109_01	Male	Novice	snapshot_students	25	snapshot_students	14531	1507408	0	0	0	0	0	0	0	0	0	0	0	0	0	0	0	0	0	0	0	0	0	0	0	0	0	1	0	0	0	0	0	0	0	0	0	0	0	0	0	0	0	0	0	0	0	0	0	0																										14520																							1659	6536		879								553	1307		440								340	120		400								899	2978		480								3	5		2								0	480		10594								420	2978		480								Bianca	Bianca	0	0		0																																									0	0		0																														4757	6656		919								2379	2219		919								420	720		919								4337	2978		919								2	3		1								0	480		10594								420	2978		919								4757	6656		919								2379	2219		919								420	720		919								4337	2978		919								2	3		1								0	480		10594								420	2978		919								0		0			0														0	1		1								5417	420		10554								420	10554		11513								216,77	380,33		335,22								380,33	335,22		428,97							
Recording064	ProVisioNET_study_109_01	Male	Novice	Entire Recording	1	fullstream	1643240	0	0	0	2	1	1	1	1	1	1	1	1	1	1	1	1	1	1	1	1	1	1	1	1	1	1	1	1	0	1	1	1	1	1	1	1	1	1	1	1	1	1	1	1	1	1	1	1	1			451161	437715	1589238	1572044	1559238	1373891	1348623	1343891	1192908	1170681	1162908	832524	812323	802524	1283199	1256715	1253007	1103510	1078167	1073510	742621	714606	712621	1521928	454188		1630268	1624834	1012260	994479	982560	1347824	1168898	810158	1255016	1076695	714606	992165	893367	625485	922025	894366	892025	651872	626370	621872	150871	237241	130024	98402	130423	37058	53628	90087	4637	2878		887	941	605	787	378	1123	589	738	386	221		80	80	80	80	60	80	80	100	120	140		4098	4357	4337	6816	3718	4098	6916	6436	1179	340		170	252	215	125	345	33	91	122	12	13		455028	456247	532583	454648	454408	621471	730987	460965	624809	469520		260	160	420	160	220	1279	320	240	240	140		Bianca		0	0	0	0	0	0	0	0	0	0																																			0	0	0	0	0	0	0	0	0	0																								153849	243776	135640	101560	145235	39976	56187	99082	4637	2878		1076	1237	1577	1224	715	2665	814	2831	386	221		100	100	80	140	80	120	80	140	120	140		6956	7536	9294	12213	9394	6576	7296	18469	1179	340		143	197	86	83	203	15	69	35	12	13		455028	456247	532583	454648	454408	621471	730987	460965	624809	469520		1179	160	1159	360	220	1279	660	240	240	140		160885	253331	138878	105338	154709	40856	58805	100341	5037	3498		1125	1286	1615	1269	762	2724	852	2867	420	269		120	140	120	140	80	180	100	140	160	180		7016	7555	9314	12273	9434	6636	7336	18489	1199	420		143	197	86	83	203	15	69	35	12	13		455008	456207	532563	454628	454388	621411	730947	460965	624769	469480		1199	200	1179	380	240	1339	700	240	280	180		1136015	601	1890	400	4,43436	1420	243,4	100,07	644,53	102,88	9,42	0,52	46,81	13369,34	1409	198,75	438,54	343,85	16,79	11	22	103	27	101	8	15	74	0	0		455008	456207	572880	454628	454388	621411	730947	578976	624769	469480		456207	456407	738103	455008	454628	622751	731647	583753	837705	512835		160,48	291,69	476,34	135,88	103,34	340,92	211,48	410,32	240,97	157,07		291,69	306,15	346,47	160,48	135,88	238,76	261,6	224,74	251,1	421,37	
Recording065	ProVisioNET_study_110_02	Female	Novice	Calibration_phase1	1	fullstream	26329	489991	0	0	0	1	0	0	0	0	0	0	0	0	0	0	0	0	0	0	0	0	0	0	0	0	0	0	0	0	0	0	0	0	0	0	0	0	0	0	0	0	0	0	0	0	0	0	0	0				0																																																																																																																																																																																																																																																																																																																																																																			21028	1402	15	2678	5,83558	12	217,68	117,2	450,27	86,99	7,9	0,77	22,66	94,85	4832	103,24	295,15	222,24	10,14																																																							
Recording065	ProVisioNET_study_110_02	Female	Novice	Calibration_phase1_fix	1	fullstream	30000	489991	0	0	1	1	0	0	0	0	0	0	0	0	0	0	0	0	0	0	0	0	0	0	0	0	0	0	0	0	0	0	0	0	0	0	0	0	0	0	0	0	0	0	0	0	0	0	0	0			26329	0																																																																																																																																																																																																																																																																																																																																																																			26525	1206	22	2678	5,8622	17	211,95	100,53	450,27	97,43	8,72	0,77	22,66	148,28	4832	103,24	295,15	222,24	10,14																																																							
Recording065	ProVisioNET_study_110_02	Female	Novice	Calibration_phase2	1	fullstream	22542	1650639	0	0	0	0	0	0	1	0	0	0	0	0	0	0	0	0	0	0	0	0	0	0	0	0	0	0	0	0	0	0	0	0	0	0	0	0	0	0	0	0	0	0	0	0	0	0	0	0							0																																																																																																																																																																																																																																																																																																																																																																18249	1521	12	1719	5,46208	12	255,43	116,27	473,89	106,1	9,59	3,46	18,6	115,12	682	10,84	405,95	281,19	13,26																																																							
Recording065	ProVisioNET_study_110_02	Female	Novice	Calibration_phase2_fix	1	fullstream	30000	1650639	0	0	0	0	0	1	1	0	0	0	0	0	0	0	0	0	0	0	0	0	0	0	0	0	0	0	0	0	0	0	0	0	0	0	0	0	0	0	0	0	0	0	0	0	0	0	0	0						22542	0																																																																																																																																																																																																																																																																																																																																																																26124	1306	20	1719	5,47599	18	224,79	111,82	473,89	101,68	8,56	3,46	18,6	154,15	682	10,84	405,95	281,19	13,26																																																							
Recording065	ProVisioNET_study_110_02	Female	Novice	Chatting_with_neighbour	1	fullstream	6891	1411304	0	0	0	0	0	0	0	0	0	1	0	0	0	0	0	0	0	0	0	0	0	0	0	0	0	0	0	0	0	0	0	0	0	1	0	0	0	0	0	0	0	0	0	0	0	0	0	0										0																								5716															760	819		4413		4413					280	760	273		1103		1103					280	760	180		559		559					280	760	320		1575		1575					280	1	3		4		4					1	2578	2158		0		0					599	760	320		559		559					280	Carl(a),Disruptive_Person	Carl(a),Disruptive_Person	0	0		0		0					0																																		0	0		0		0					0																							760	819		4413		4413					280	760	273		1103		1103					280	760	180		559		559					280	760	320		1575		1575					280	1	3		4		4					1	2578	2158		0		0					599	760	320		559		559					280	760	959		4533		4533					320	760	320		1133		1133					320	760	240		559		559					320	760	360		1615		1615					320	1	3		4		4					1	2578	2118		0		0					559	760	360		559		559					320	4177	597	7	280	3,95218	7	295,05	233,2	401,62	52,6	12,5	10,97	15,29	87,48	559	261,04	233,2	196,14	10,97	0	0		0		0					0		2118		879		879					559		2478		559		559					879		278,03		306,68		306,68					233,2		401,62		233,2		233,2					306,68
Recording065	ProVisioNET_study_110_02	Female	Novice	Chatting_with_neighbour_fix	1	fullstream	30000	1411304	0	0	0	0	0	0	0	0	1	1	0	0	0	0	0	0	0	0	0	0	0	0	0	0	0	0	0	0	0	0	0	0	0	1	0	0	0	0	0	0	0	0	0	0	0	0	0	0									6891	0																								5716															760	1439	2119	19208	80	4457		480			440	760	288	212	1601	80	1114		480			220	760	180	120	80	80	559		480			160	760	360	420	6176	80	1619		480			280	1	5	10	12	1	4		1			2	2578	2158	12812	0	23086	0		26084			599	760	320	360	559	80	559		480			280	Board_Screen		0	0	0	0	0	0		0			0																																		0	0	0	0	0	0		0			0																							760	1439	4975	19248	80	4457		480			440	760	288	1658	1925	80	1114		480			220	760	180	1059	80	80	559		480			160	760	360	2199	6176	80	1619		480			280	1	5	3	10	1	4		1			2	2578	2158	12812	0	23086	0		26084			599	760	320	1059	559	80	559		480			280	760	1699	5075	19668	80	4577		520			540	760	340	1692	1967	80	1144		520			270	760	240	1099	140	80	559		520			220	760	420	2259	6236	80	1659		520			320	1	5	3	10	1	4		1			2	2578	2118	12772	0	23086	0		26044			559	760	360	1099	559	80	559		520			320	23766	820	29	280	3,95807	22	285,64	164,65	401,62	62,49	11,91	1,98	16,81	261,92	559	261,04	233,2	196,14	10,97	0	0	5	2	0	0		0			0		2118		879		879		26044			559		2478		559		559		26564			879		278,03		306,68		306,68		282,81			233,2		401,62		233,2		233,2		304,4			306,68
Recording065	ProVisioNET_study_110_02	Female	Novice	Clicking_pen	1	fullstream	7008	1321550	0	0	0	0	0	0	0	0	0	0	0	0	1	0	0	0	0	0	0	0	0	0	0	0	0	0	0	0	0	0	0	0	0	0	1	0	0	0	0	0	0	0	0	0	0	0	0	0													0																						4479														3583	0	2219	0	280	3863			160			896		1109		280	773			160			85		160		280	85			160			2219		2059		280	2219			160			4	0	2	0	1	5			1			3065		7		2765	2765			3765			680		160		280	280			160			Anna,Disruptive_Person	Anna,Disruptive_Person	0	0	0	0	0	0			0																																				0	0	0	0	0	0			0																									3743	0	2245	0	280	4043			160			1871		2245		280	2021			160			680		2245		280	979			160			3063		2245		280	3063			160			2	0	1	0	1	2			1			3065		0		2765	2765			3765			680		2245		280	979			160			3783	0	2245	0	340	4123			180			1891		2245		340	2061			180			700		2245		340	1039			180			3083		2245		340	3083			180			2	0	1	0	1	2			1			3045		0		2705	2705			3745			700		2245		340	1039			180			6156	879	7	160	3,6972	5	203,64	141,72	286,59	64,29	7,14	5,02	9,35	35,7	167	54,64	147,71	147,71	5,26	1	0	1	0	0	2			0			3045					3924			3745			3745				3045	3745			3924			188,82					286,59			253,36			253,36				188,82	253,36			286,59		
Recording065	ProVisioNET_study_110_02	Female	Novice	Clicking_pen_fix	1	fullstream	30488	1321550	0	0	0	0	0	0	0	0	0	0	0	1	1	0	0	0	0	0	0	0	0	0	0	0	0	0	0	0	0	0	0	0	0	0	1	0	0	0	0	0	0	0	0	0	0	0	0	0												7008	0																						4479														8314	720	14012	0	580	4158			340			640	360	452		193	832			170			260	180	80		80	280			160			2219	540	2059		280	2219			180			13	2	31	0	3	5			2			3065	26831	7		2765	2765			3765			680	540	160		280	280			160			Anna	Anna	0	0	0	0	0	0			0																																				0	0	0	0	0	0			0																									8534	720	14958	0	580	4337			340			1067	360	2493		193	2169			170			280	180	859		80	979			160			3358	540	5597		280	3358			180			8	2	6	0	3	2			2			3065	26831	0		2765	2765			3765			680	540	2245		280	979			160			8714	800	15198	0	680	4417			420			1089	400	2533		227	2209			210			280	220	879		80	1039			180			3378	580	5677		340	3378			240			8	2	6	0	3	2			2			3045	26791	0		2705	2705			3745			700	580	2245		340	1039			180			23106	472	49	160	3,55988	35	207,63	102,7	409,33	82,24	8,01	2,3	22,16	280,26	167	54,64	147,71	147,71	5,26	4	0	23	0	0	2			0			3045	26791				3924			3745			3745	29869			3045	3745			3924			188,82	306,38				286,59			253,36			253,36	352,84			188,82	253,36			286,59		
Recording065	ProVisioNET_study_110_02	Female	Novice	Drawing	1	fullstream	25654	1050806	0	0	0	0	0	0	0	0	0	0	0	0	0	0	0	1	0	0	0	0	0	0	0	0	0	0	0	0	0	0	0	0	0	0	0	1	0	0	0	0	0	0	0	0	0	0	0	0																0																				19088													3558	979	3398	1797	2339	9414	5936	4577	200			712	490	378	599	780	1569	5936	915	200			140	320	100	340	80	80	5936	420	200			1839	660	760	800	2179	5936	5936	2698	200			5	2	9	3	3	6	1	5	1			191	14282	1330	17780	14982	14982	18160	7127	551			180	660	200	340	80	80	5936	420	200			Carl(a)	Carl(a)	0	0	0	0	0	0	0	0	0																																				0	0	0	0	0	0	0	0	0																									3578	979	3578	1817	2399	9594	5936	4797	200			894	490	894	909	2399	4797	5936	4797	200			300	320	120	340	2399	2399	5936	4797	200			1839	660	1779	1477	2399	7196	5936	4797	200			4	2	4	2	1	2	1	1	1			191	14282	1330	17780	14982	14982	18160	7127	551			340	660	919	340	2399	2399	5936	4797	200			3738	1079	3778	1937	2439	9674	5976	4837	220			934	540	944	968	2439	4837	5976	4837	220			320	360	120	380	2439	2439	5976	4837	220			1899	720	1839	1557	2439	7236	5976	4837	220			4	2	4	2	1	2	1	1	1			151	14222	1230	17740	14942	14942	18120	7087	531			380	720	1019	380	2439	2439	5976	4837	220			22007	815	27	180	3,4237	21	238,74	103,21	436,58	107,7	9,34	0,72	19,23	196,11	371	217,3	103,21	103,21	5,38	1	0	5	1	2	4	0	4	0				14222		17740	14942	14942	18120		531			531	14942	6447	18120	17381	17381	24097						333,3		282,87	401,85	401,85	176,82		336,29			336,29	401,85	305,91	176,82	203,78	203,78	436,58				
Recording065	ProVisioNET_study_110_02	Female	Novice	Drawing_fix	1	fullstream	30000	1050806	0	0	0	0	0	0	0	0	0	0	0	0	0	0	1	1	0	0	0	0	0	0	0	0	0	0	0	0	0	0	0	0	0	0	0	1	0	0	0	0	0	0	0	0	0	0	0	0															25654	0																				19088													3558	979	4497	2698	2918	9414	5936	4577	200			712	490	321	450	584	1569	5936	915	200			140	320	100	180	80	80	5936	420	200			1839	660	760	800	2179	5936	5936	2698	200			5	2	14	6	5	6	1	5	1			191	14282	1330	17780	14982	14982	18160	7127	551			180	660	200	340	80	80	5936	420	200			Board_Screen		0	0	0	0	0	0	0	0	0																																				0	0	0	0	0	0	0	0	0																									3578	979	4797	2778	2978	9594	5936	4797	200			894	490	800	1389	993	4797	5936	4797	200			300	320	120	340	200	2399	5936	4797	200			1839	660	1779	2439	2399	7196	5936	4797	200			4	2	6	2	3	2	1	1	1			191	14282	1330	17780	14982	14982	18160	7127	551			340	660	919	340	2399	2399	5936	4797	200			3738	1079	5037	2898	3198	9674	5976	4837	220			934	540	840	1449	1066	4837	5976	4837	220			320	360	120	380	280	2439	5976	4837	220			1899	720	1839	2519	2439	7236	5976	4837	220			4	2	6	2	3	2	1	1	1			151	14222	1230	17740	14942	14942	18120	7087	531			380	720	1019	380	2439	2439	5976	4837	220			25125	679	37	180	3,42581	28	235,84	103,21	436,58	105,7	9,68	0,72	31,46	271,04	371	217,3	103,21	103,21	5,38	1	0	7	4	2	4	0	4	0				14222		17740	14942	14942	18120		531			531	14942	6447	18120	17381	17381	24097						333,3		282,87	401,85	401,85	176,82		336,29			336,29	401,85	305,91	176,82	203,78	203,78	436,58				
Recording065	ProVisioNET_study_110_02	Female	Novice	Drumming_with_hands	1	fullstream	9379	1140799	0	0	0	0	0	0	0	0	0	0	0	0	0	0	0	0	0	0	1	0	0	0	0	0	0	0	0	0	0	0	0	0	0	0	0	0	1	0	0	0	0	0	0	0	0	0	0	0																			0																		8318												1838	0		7101		1838			300			919			7101		919			300			340			7101		340			300			1498			7101		1498			300			2	0		1		2			1			7181			0		7181			7541			340			7101		340			300			Anna,Disruptive_Person	Anna,Disruptive_Person	0	0		0		0			0																																				0	0		0		0			0																									1838	0		7101		1838			300			919			7101		919			300			340			7101		340			300			1498			7101		1498			300			2	0		1		2			1			7181			0		7181			7541			340			7101		340			300			1958	0		7101		1958			320			979			7101		979			320			420			7101		420			320			1538			7101		1538			320			2	0		1		2			1			7101			0		7101			7521			420			7101		420			320			640	320	2	340	4,3219	3	250,32	149,09	363,54	107,73	13,21	9,5	18,99	39,62	7101	200,18	363,54	295,45	18,99	0	0		0		0			0			7101					7101			7521			7521			7101		7521			7841			363,54					363,54			149,09			149,09			363,54		149,09			238,33		
Recording065	ProVisioNET_study_110_02	Female	Novice	Drumming_with_hands_fix	1	fullstream	30000	1140799	0	0	0	0	0	0	0	0	0	0	0	0	0	0	0	0	0	1	1	0	0	0	0	0	0	0	0	0	0	0	0	0	0	0	0	0	1	0	0	0	0	0	0	0	0	0	0	0																		9379	0																		8318												11693	520	3538	7821	380	4477		2099	300	260		1949	260	208	1955	190	2239		420	300	260		240	240	100	140	160	340		160	300	260		4837	280	640	7101	220	4138		840	300	260		6	2	17	4	2	2		5	1	1		7181	17875	12178	0	23691	7181		18194	7541	23391		340	240	100	7101	160	340		560	300	260		Board_Screen		0	0	0	0	0	0		0	0	0																																			0	0	0	0	0	0		0	0	0																								11693	520	4510	7841	380	4477		2279	300	260		1949	260	1503	2614	190	2239		2279	300	260		240	240	580	280	160	340		2279	300	260		4837	280	2239	7101	220	4138		2279	300	260		6	2	3	3	2	2		1	1	1		7181	17875	12178	0	23691	7181		18194	7541	23391		340	240	580	7101	160	340		2279	300	260		11953	600	4610	7941	440	4597		2359	320	400		1992	300	1537	2647	220	2299		2359	320	400		260	280	580	360	200	420		2359	320	400		4877	320	2279	7101	240	4178		2359	320	400		6	2	3	3	2	2		1	1	1		7101	17835	12178	0	23651	7101		18114	7521	23251		420	280	580	7101	200	420		2359	320	400		19388	539	36	340	3,86525	30	239,46	102,18	528,39	101,81	9,86	1,71	30,11	295,74	7101	200,18	363,54	295,45	18,99	0	0	11	1	0	0		4	0	0		7101	17835		26889	23651	7101		18114	7521			7521	18114		7101	23851	7521			7841	23651		363,54	251,92		389,96	201,83	363,54		282,19	149,09			149,09	282,19		363,54	117,96	149,09			238,33	201,83	
Recording065	ProVisioNET_study_110_02	Female	Novice	Head_on_table	1	fullstream	30000	961492	0	0	0	0	0	0	0	0	0	0	0	0	0	0	0	0	0	0	0	0	0	1	0	0	0	0	0	0	0	0	0	0	0	0	0	0	0	0	0	0	0	0	0	0	0	0	0	0																						0																											4917	2176	11973	0	5517	3016			220	260		820	725	374		1839	503			220	130		80	320	80		300	100			220	100		1859	1397	999		4637	1397			220	160		6	3	32	0	3	6			1	2		1837	0	3875		14649	0			1577	1437		1859	1397	500		300	1397			220	100		Anna	Anna	0	0	0	0	0	0			0	0																																			0	0	0	0	0	0			0	0																								4917	2176	13132	0	5577	3116			220	260		820	725	2189		2788	1039			220	130		80	320	440		300	580			220	100		1859	1397	3738		5277	1537			220	160		6	3	6	0	2	3			1	2		1837	0	3875		14649	0			1577	1437		1859	1397	1599		300	1537			220	100		5157	2256	13352	0	5797	3216			260	320		859	752	2225		2898	1072			260	160		140	360	520		460	640			260	140		1899	1397	3778		5337	1537			260	180		6	3	6	0	2	3			1	2		1797	0	3835		14489	0			1537	1397		1899	1397	1639		460	1537			260	140		22647	515	44	100	3,18201	32	204,17	108,17	354,6	77,37	7,47	1,55	20,52	239,1	1397	279,11	194,37	160,35	8,04	0	0	21	0	1	3			0	0		1797	29340	5494		14489				1537	1397		14389	1397			14949	1537			1797	1537		282,72	223,92	173		320,88				264,43	194,37		135,78	194,37			129,93	264,43			282,72	264,43	
Recording065	ProVisioNET_study_110_02	Female	Novice	Head_on_table_fix	1	fullstream	30000	961492	0	0	0	0	0	0	0	0	0	0	0	0	0	0	0	0	0	0	0	0	0	1	0	0	0	0	0	0	0	0	0	0	0	0	0	0	0	0	0	0	0	0	0	0	0	0	0	0																						0																											4917	2176	11973	0	5517	3016			220	260		820	725	374		1839	503			220	130		80	320	80		300	100			220	100		1859	1397	999		4637	1397			220	160		6	3	32	0	3	6			1	2		1837	0	3875		14649	0			1577	1437		1859	1397	500		300	1397			220	100		Anna	Anna	0	0	0	0	0	0			0	0																																			0	0	0	0	0	0			0	0																								4917	2176	13132	0	5577	3116			220	260		820	725	2189		2788	1039			220	130		80	320	440		300	580			220	100		1859	1397	3738		5277	1537			220	160		6	3	6	0	2	3			1	2		1837	0	3875		14649	0			1577	1437		1859	1397	1599		300	1537			220	100		5157	2256	13352	0	5797	3216			260	320		859	752	2225		2898	1072			260	160		140	360	520		460	640			260	140		1899	1397	3778		5337	1537			260	180		6	3	6	0	2	3			1	2		1797	0	3835		14489	0			1537	1397		1899	1397	1639		460	1537			260	140		22647	515	44	100	3,18201	32	204,17	108,17	354,6	77,37	7,47	1,55	20,52	239,1	1397	279,11	194,37	160,35	8,04	0	0	21	0	1	3			0	0		1797	29340	5494		14489				1537	1397		14389	1397			14949	1537			1797	1537		282,72	223,92	173		320,88				264,43	194,37		135,78	194,37			129,93	264,43			282,72	264,43	
Recording065	ProVisioNET_study_110_02	Female	Novice	Heckling	1	fullstream	2473	690559	0	0	0	0	0	0	0	0	0	0	0	0	0	0	0	0	0	0	0	0	0	0	0	0	1	0	0	0	0	0	0	0	0	0	0	0	0	0	0	0	0	0	0	0	0	0	0	0																									0																								0	0	400	965	120	1244					160			200	322	120	249					160			100	180	120	120					160			300	525	120	525					160	0	0	2	3	1	5					1			10	889	1349	889					1489			300	260	120	260					160	Carl(a),Disruptive_Person	Carl(a),Disruptive_Person	0	0	0	0	0	0					0																																		0	0	0	0	0	0					0																							0	0	500	965	120	1324					160			500	322	120	441					160			500	180	120	260					160			500	525	120	540					160	0	0	1	3	1	3					1			10	889	1349	889					1489			500	260	120	260					160	0	0	509	1065	180	1424					180			509	355	180	475					180			509	240	180	260					180			509	565	180	600					180	0	0	1	3	1	3					1			0	889	1289	889					1469			509	260	180	260					180	879	176	5	300	3,65896	3	221,8	126,48	350,24	115,5	5,89	0,91	14,2	17,66	1469	242,81	126,48	126,48	2,55	0	0	0	0	0	2					0				1649		1908					1469					1469						1649				350,24		188,66					126,48					126,48						350,24
Recording065	ProVisioNET_study_110_02	Female	Novice	Heckling_fix	1	fullstream	30000	690559	0	0	0	0	0	0	0	0	0	0	0	0	0	0	0	0	0	0	0	0	0	0	0	1	1	0	0	0	0	0	0	0	0	0	0	0	0	0	1	0	0	0	0	0	0	0	0	0																								2473	0														3179										0	0	2638	23634	460	2838					360			240	3376	230	568					180			100	180	120	120					160			500	8275	340	2119					200	0	0	11	7	2	5					2			10	889	1349	889					1489			300	260	120	260					160	Carl(a)	Carl(a)	0	0	0	0	0	0					0																																		0	0	0	0	0	0					0																							0	0	2978	23634	460	2918					360			745	3376	230	973					180			500	180	120	260					160			1439	8275	340	2119					200	0	0	4	7	2	3					2			10	889	1349	889					1489			500	260	120	260					160	0	0	3068	23854	600	3018					420			767	3408	300	1006					210			509	240	180	260					180			1459	8315	420	2159					240	0	0	4	7	2	3					2			0	889	1289	889					1469			509	260	180	260					180	17030	896	19	300	3,74031	12	234,44	104,26	350,24	78,72	8,86	0,91	20,62	106,31	1469	242,81	126,48	126,48	2,55	0	0	6	0	0	2					0				1649		1908					1469				13002	1469						1649				350,24		188,66					126,48				256,06	126,48						350,24
Recording065	ProVisioNET_study_110_02	Female	Novice	Lesson	1	fullstream	1055627	520447	0	0	0	0	0	0	0	1	1	1	1	1	1	1	1	1	1	1	1	1	1	1	1	1	1	0	1	0	0	0	1	1	1	1	1	1	1	0	1	0	1	1	1	1	1	1	1	1								920857	897749	890857	831591	808111	801103	560359	556013	530359	650352	629731	620352	471045	471045	441045	200112	172586	170113		0				741695	719400	711696	896573	805583	549447	628670		173292		260849	357447	289898	262506	259898	380453	358745	350453	175017	170919	258488	181553	59133	40896	18309	21287	3618	3278	2918	983	777	401	1365	358	974	964	453	201	193	224	80	80	80	80	80	80	120	100	80	100	160	6576	9235	6916	11433	5797	5936	5936	2698	320	320	420	178	220	644	133	165	42	19	47	18	17	13	761	1181	6258	581	3360	171002	489115	59707	79575	46015	171601	380	760	140	140	380	260	620	340	220	200	160	Classroom_Others	Classroom_Others	0	0	0	0	0	0	0	0	0	0	0																																		0	0	0	0	0	0	0	0	0	0	0																							176156	172258	291248	184191	62111	41555	18309	22467	3618	3278	2918	1215	968	1955	1806	501	1662	964	1182	201	193	224	80	100	80	80	80	180	120	140	80	100	160	8395	11493	8035	11433	7016	7196	5936	4797	320	320	420	145	178	149	102	124	25	19	19	18	17	13	761	1181	6258	581	3360	171002	489115	59707	79575	46015	171601	380	760	140	140	2359	260	620	340	220	200	160	182333	180474	296765	188549	67168	42695	18909	23566	4317	3998	3458	1257	1014	1992	1849	542	1708	995	1240	240	235	266	100	140	100	140	80	260	180	200	100	140	180	8435	11533	8055	11473	7056	7236	5976	4837	340	400	480	145	178	149	102	124	25	19	19	18	17	13	721	1141	6218	521	3280	171002	489075	59627	79535	45975	171581	420	800	180	200	2439	260	660	420	260	240	180	818976	608	1347	140	3,62391	1041	231,19	100,1	611,51	95,6	9	0,52	43,09	9366,82	521	341,9	289,33	216,07	8,31	28	32	412	21	28	16	0	28	0	0	0	721	1141	69301	521	6418	172021	489075	59627	79535	45975	171581	1141	1941	80275	721	5718	260949	489734	253014	235984	46215	171761	119,28	215,36	234,34	289,33	276,75	188,66	257,95	438,27	317,25	154,86	126,48	215,36	230,91	270,79	119,28	331,18	213,89	326,94	339,01	258,68	236,76	350,24
Recording065	ProVisioNET_study_110_02	Female	Novice	Letter_search	1	fullstream	25231	1708902	0	0	0	0	0	0	0	0	0	0	0	0	0	0	0	0	0	0	0	0	0	0	0	0	0	0	0	0	0	1	0	0	0	0	0	0	0	0	0	0	0	0	0	0	0	0	0	0																														0																																																																																																																																																																																																																																																																																																																																									18249	231	79	140	4,07061	59	242,85	107,69	435,52	93,54	9,01	0,66	23,77	531,33	624	37,04	232,57	186,96	4,43																																																							
Recording065	ProVisioNET_study_110_02	Female	Novice	Letter_search_fix	1	fullstream	30000	1708902	0	0	0	0	0	0	0	0	0	0	0	0	0	0	0	0	0	0	0	0	0	0	0	0	0	0	0	0	1	1	0	0	0	0	0	0	0	0	0	0	0	0	0	0	0	0	0	0																													25231	0																																																																																																																																																																																																																																																																																																																																									21707	247	88	140	4,0738	64	238,6	107,69	435,52	93,03	8,69	0,66	23,77	556,01	624	37,04	232,57	186,96	4,43																																																							
Recording065	ProVisioNET_study_110_02	Female	Novice	Looking_at_phone	1	fullstream	7704	1232142	0	0	0	0	0	0	0	0	0	0	0	0	0	0	0	0	0	0	0	0	0	0	0	0	0	0	0	0	0	0	0	0	1	0	0	0	0	0	0	0	0	0	0	0	0	0	0	0																																	0																227	1520	2459	0	1639	1599						227	253	2459		410	267						227	100	2459		80	100						227	480	2459		800	480						1	6	1	0	4	6						0	4225	1127		4025	4225						227	100	2459		80	100						Bianca	Bianca	0	0	0	0	0	0																																							0	0	0	0	0	0																												227	1560	2459	0	1639	1659						227	390	2459		410	553						227	100	2459		80	180						227	561	2459		800	1059						1	4	1	0	4	3						0	4225	1127		4025	4225						227	100	2459		80	1059						227	1720	2479	0	1859	1799						227	430	2479		465	600						227	140	2479		140	260						227	641	2479		820	1099						1	4	1	0	4	3						0	4185	1107		3965	4185						227	140	2479		140	1099						5337	485	11	80	3,70367	7	234,85	103,9	553,99	177,43	13,84	1,1	36,02	96,85	4325	216,28	109,44	109,44	9,83	0	2	0	0	0	3							4785			4325	6184							4325			4785	6624							161,72			109,44	103,9							109,44			161,72	409,8					
Recording065	ProVisioNET_study_110_02	Female	Novice	Looking_at_phone_fix	1	fullstream	30000	1232142	0	0	0	0	0	0	0	0	0	0	0	0	0	0	0	0	0	0	0	0	0	0	0	0	0	0	0	0	0	0	0	1	1	0	0	0	0	0	0	0	0	0	0	0	0	0	0	0																																7704	0																427	7096	13162	0	3258	1599	460	140				214	473	1012		407	267	460	140				200	100	80		80	100	460	140				227	1139	4237		800	480	460	140				2	15	13	0	8	6	1	1				0	4225	1127		4025	4225	9182	14379				227	100	2459		80	100	460	140				Board_Screen	Board_Screen	0	0	0	0	0	0	0	0																																					0	0	0	0	0	0	0	0																										427	7296	13402	0	3318	1659	460	140				214	811	2234		474	553	460	140				200	100	80		80	180	460	140				227	2019	5826		1279	1059	460	140				2	9	6	0	7	3	1	1				0	4225	1127		4025	4225	9182	14379				227	100	2459		80	1059	460	140				427	7595	13622	0	3598	1799	500	200				214	844	2270		514	600	500	200				200	140	160		140	260	500	200				227	2079	5846		1279	1099	500	200				2	9	6	0	7	3	1	1				0	4185	1107		3965	4185	9142	14319				227	140	2479		140	1099	500	200				21067	638	33	80	3,63782	25	234,37	103,9	553,99	125,74	11,13	1,1	36,02	278,31	4325	216,28	109,44	109,44	9,83	0	4	7	0	1	3	0	0					4785	11801		4325	6184	9142	14319				21835	4325			4785	6624	9642	14519					161,72	400,48		109,44	103,9	297,52	369,2				323,37	109,44			161,72	409,8	158,78	425,97			
Recording065	ProVisioNET_study_110_02	Female	Novice	Snipping_with_fingers	1	fullstream	2608	780345	0	0	0	0	0	0	0	0	0	0	0	0	0	0	0	0	0	0	0	0	0	0	0	0	0	0	0	0	0	0	0	0	0	0	0	0	0	0	0	0	1	0	0	0	1	0	0	0																																									951				0				0	2277		0	200	959							1138			200	480							760			200	200							1517			200	760						0	2		0	1	2							72			851	72							760			200	760						Bianca	Bianca	0	0		0	0	0																																							0	0		0	0	0																												0	2277		0	200	979							1138			200	979							760			200	979							1517			200	979						0	2		0	1	1							72			851	72							760			200	979						0	2389		0	220	1051							1194			220	1051							831			220	1051							1557			220	1051						0	2		0	1	1							0			831	0							831			220	1051						959	480	2	760	3,8519	2	248,71	213,89	283,52	49,24	9,7	9,05	10,35	19,4	831	261,62	283,52	283,52	10,35	0	0		0	0	1							1051			831								831			1051	1051							213,89			283,52								283,52			213,89	213,89					
Recording065	ProVisioNET_study_110_02	Female	Novice	Snpping_with_fingers_fix	1	fullstream	30000	780345	0	0	0	0	0	0	0	0	0	0	0	0	0	0	0	0	0	0	0	0	0	0	0	0	0	0	0	0	0	0	0	0	0	0	0	0	0	0	0	0	1	0	0	1	1	0	0	0																																									951			2608	0				1279	9754	10280	1359	460	959		2598				640	1084	490	340	230	480		289				420	100	80	200	200	200		100				859	4497	2658	600	260	760		680				2	9	21	4	2	2		9				14343	72	10685	15403	851	72		8027				420	760	1579	200	200	760		180				Board_Screen	Board_Screen	0	0	0	0	0	0		0																																					0	0	0	0	0	0		0																										1279	9914	11160	1359	460	979		2898				640	1416	2790	340	230	979		1449				420	200	1319	200	200	979		520				859	6856	5137	600	260	979		2379				2	7	4	4	2	1		2				14343	72	10685	15403	851	72		8027				420	760	3338	200	200	979		2379				1379	10286	11360	1619	480	1051		2978				690	1469	2840	405	240	1051		1489				460	260	1359	260	220	1051		560				919	6896	5197	640	260	1051		2419				2	7	4	4	2	1		2				14303	0	10665	15343	831	0		7987				460	831	3358	260	220	1051		2419				20208	493	41	760	3,57952	31	244,6	100,12	479,57	108,54	9,62	1,17	30,51	298,32	831	261,62	283,52	283,52	10,35	0	1	12	0	0	1		7				21039	1051		15343	831							14763	831		15603	1051	1051		20400				300,7	213,89		291,77	283,52							287,28	283,52		222,78	213,89	213,89		479,57			
Recording065	ProVisioNET_study_110_02	Female	Novice	Whispering	1	fullstream	8292	870900	0	0	0	0	0	0	0	0	0	0	0	0	0	0	0	0	0	0	0	0	0	0	0	0	0	0	0	0	0	0	0	0	0	0	0	0	0	0	0	0	0	1	0	0	0	0	0	1																																										6994						0	5893	1239		0	180	5893			160	320		1179	310			180	1179			160	320		383	140			180	383			160	320		2159	600			180	2159			160	320		5	4		0	1	5			1	1		0	2602			5820	0			6739	6020		383	600			180	383			160	320		Anna,Disruptive_Person	Anna,Disruptive_Person	0	0		0	0	0			0	0																																			0	0		0	0	0			0	0																								5933	1239		0	180	5933			160	320		1483	310			180	1483			160	320		879	140			180	879			160	320		2582	600			180	2582			160	320		4	4		0	1	4			1	1		0	2602			5820	0			6739	6020		2582	600			180	2582			160	320		6013	1399		0	200	6013			220	340		1503	350			200	1503			220	340		899	160			200	899			220	340		2582	620			200	2582			220	340		4	4		0	1	4			1	1		0	2582			5800	0			6679	6000		2582	620			200	2582			220	340		6156	560	11	2159	3,88849	12	194,85	106,28	349,21	74,68	7,29	1,6	15,22	87,54	383	140,71	134,25	133,34	2,38	1	0		0	0	1			0	0		3201	2582			5800	3201			6679	6000		2582	3201			6000	2582			6899	6339		106,28	172,79			142,71	106,28			304,87	230,15		172,79	106,28			230,15	172,79			245,85	349,21	
Recording065	ProVisioNET_study_110_02	Female	Novice	Whispering_fix	1	fullstream	30000	870900	0	0	0	0	0	0	0	0	0	0	0	0	0	0	0	0	0	0	0	0	0	0	0	0	0	0	0	0	0	0	0	0	0	0	0	0	0	0	0	0	0	1	0	0	0	0	1	1																																										6994					8292	0	17967	1239	3158	0	3798	7119			160	320		1497	310	316		543	1424			160	320		383	140	80		80	383			160	320		2578	600	720		2099	2578			160	320		12	4	10	0	7	5			1	1		0	2602	16573		5820	0			6739	6020		383	600	220		180	383			160	320		Anna	Anna	0	0	0	0	0	0			0	0																																			0	0	0	0	0	0			0	0																								18147	1239	3458	0	3798	7159			160	320		2592	310	692		543	1790			160	320		440	140	220		80	879			160	320		8395	600	1579		2099	2582			160	320		7	4	5	0	7	4			1	1		0	2602	16573		5820	0			6739	6020		2582	600	220		180	2582			160	320		18367	1399	3658	0	4098	7239			220	340		2624	350	732		585	1810			220	340		480	160	240		100	899			220	340		8435	620	1619		2159	2618			220	340		7	4	5	0	7	4			1	1		0	2582	16553		5800	0			6679	6000		2582	620	240		200	2582			220	340		21587	675	32	2159	3,78289	24	184,44	100,22	492,59	92,2	6,94	1,6	23,35	166,49	383	140,71	134,25	133,34	2,38	4	0	4	0	0	1			0	0		3201	2582	21950		5800	3201			6679	6000		2582	3201	21830		6000	2582			6899	6339		106,28	172,79	195,13		142,71	106,28			304,87	230,15		172,79	106,28	122,36		230,15	172,79			245,85	349,21	
=======
Recording064	ProVisioNET_study_109_01	Male	Novice	snapshot_students	1	snapshot_students	71978	454648	0	0	1	0	0	0	0	0	0	0	0	0	0	0	0	0	0	0	0	0	0	0	0	0	0	0	0	0	0	0	0	0	0	0	0	0	0	0	0	0	0	0	0	0	0	0	0	0			13067																																														6796	36199		6236								618	1293		416								120	160		80								2119	3638		999								11	28		15								380	1599		0								260	160		160								Anna	Anna	0	0		0																																									0	0		0																														9075	44774		6536								1134	4070		726								280	160		160								3118	13672		1339								8	11		9								380	1599		0								1179	160		360								9075	44774		6536								1134	4070		726								280	160		160								3118	13672		1339								8	11		9								380	1599		0								1179	160		360								0		0			0														5	9		4								360	1559		2279								1559	1759		360								160.48	291.69		520.53								291.69	306.15		160.48							
Recording064	ProVisioNET_study_109_01	Male	Novice	snapshot_students	2	snapshot_students	6156	532083	0	0	0	0	0	0	0	0	0	0	0	0	0	0	0	0	0	0	0	0	0	0	0	0	0	0	0	0	0	0	0	0	0	0	0	0	0	0	0	0	0	0	0	0	0	0	0	0																																																	1499	780		0								500	780										120	780										760	780										3	1		0								0	5377										120	780										Bianca	Bianca	0	0		0																																									0	0		0																														5317	780		0								5317	780										5317	780										5317	780										1	1		0								0	5377										5317	780										5317	780		0								5317	780										5317	780										5317	780										1	1		0								0	5377										5317	780										0		0			0														5	0		0									5317										5317												383.99										383.99										
Recording064	ProVisioNET_study_109_01	Male	Novice	snapshot_students	3	snapshot_students	380	544236	0	0	0	0	0	0	0	0	0	0	0	0	0	0	0	0	0	0	0	0	0	0	0	0	0	0	0	0	0	0	0	0	0	0	0	0	0	0	0	0	0	0	0	0	0	0	0	0																																																	380	0		0								380											380											380											1	0		0								0											380											Anna	Anna	0	0		0																																									0	0		0																														380	0		0								380											380											380											1	0		0								0											380											380	0		0								380											380											380											1	0		0								0											380											0		0			0														0	0		0																																																			
Recording064	ProVisioNET_study_109_01	Male	Novice	snapshot_students	4	snapshot_students	29223	549753	0	0	0	0	0	0	0	0	0	0	0	0	0	0	0	0	0	0	0	0	0	0	0	0	0	0	0	0	0	0	0	0	0	0	0	0	0	0	0	0	0	0	0	0	0	0	0	0																																																	1819	12733		979								303	1273		490								100	140		440								959	2838		540								6	10		2								1799	0		5657								120	620		440								Bianca	Bianca	0	0		0																																									0	0		0																														3938	16191		979								984	2698		490								100	420		440								3338	5697		540								4	6		2								1799	0		5657								3338	620		440								3938	16191		979								984	2698		490								100	420		440								3338	5697		540								4	6		2								1799	0		5657								3338	620		440								0		0			0														1	3		0									5137		5617								5137	5617											399.66		360.62								399.66	360.62									
Recording064	ProVisioNET_study_109_01	Male	Novice	snapshot_students	5	snapshot_students	79654	586132	0	0	0	0	0	0	0	0	0	0	0	0	0	0	0	0	0	0	0	0	0	0	0	0	0	0	0	0	0	0	0	0	0	0	0	0	0	0	0	0	0	1	0	0	0	1	1	1																																										39353				65740	40238	35740	6956	25325		23066								696	1013		1442								120	80		80								2618	4138		5257								10	25		16								3258	0		2219								740	320		320								Anna	Anna	0	0		0																																									0	0		0																														8255	34640		24945								1032	2474		4158								200	100		320								4437	15371		12892								8	14		6								3258	0		2219								740	2159		320								8255	34640		24945								1032	2474		4158								200	100		320								4437	15371		12892								8	14		6								3258	0		2219								740	2159		320								0		0			0														3	11		5								3218	2539		2159								3998	2159		2539								287.87	357.68		397.78								272.7	397.78		357.68							
Recording064	ProVisioNET_study_109_01	Male	Novice	snapshot_students	6	snapshot_students	16690	717835	0	0	0	0	0	0	0	0	0	0	0	0	0	0	0	0	0	0	0	0	0	0	0	0	0	0	0	0	0	0	0	0	0	0	0	0	0	0	0	0	0	0	0	0	0	0	0	0																																																	1919	3118		720								480	624		360								200	180		180								840	879		540								4	5		2								9474	0		3818								840	740		540								Anna	Anna	0	0		0																																									0	0		0																														3358	7496		720								1119	1874		360								200	740		180								2499	4997		540								3	4		2								9474	0		3818								2499	740		540								3358	7496		720								1119	1874		360								200	740		180								2499	4997		540								3	4		2								9474	0		3818								2499	740		540								0		0			0														1	8		0								9414	4357		3758								11973	740		4357								392.38	350.93		374.64								390.01	272.28		350.93							
Recording064	ProVisioNET_study_109_01	Male	Novice	snapshot_students	7	snapshot_students	20308	739562	0	0	0	0	0	0	0	0	0	0	0	0	0	0	0	0	0	0	0	0	0	0	1	0	0	0	0	0	0	0	0	0	0	0	0	0	0	0	0	0	0	0	0	0	0	0	0	0																							3059																										3198	2858		1839								640	286		306								140	100		120								1539	720		740								5	10		6								1679	0		400								840	340		120								Anna	Anna	0	0		0																																									0	0		0																														7436	7036		2099								2479	1407		700								140	320		320								6456	5097		1139								3	5		3								1679	0		400								840	340		320								7436	7036		2139								2479	1407		713								140	320		360								6456	5097		1139								3	5		3								1679	0		360								840	340		360								0		0			0														0	5		2								1619	720		2918								2519	340		720								378.26	375.59		179.51								369.25	354.82		375.59							
Recording064	ProVisioNET_study_109_01	Male	Novice	snapshot_students	8	snapshot_students	5217	768405	0	0	0	0	0	0	0	0	0	0	0	0	0	0	0	0	0	0	0	0	0	0	0	0	0	0	0	0	0	0	0	0	0	0	0	0	0	0	0	0	0	0	0	0	0	0	0	0																																																	1619	2698		480								810	1349		240								160	879		120								1459	1819		360								2	2		2								0	220		2119								160	1819		120								Anna	Anna	0	0		0																																									0	0		0																														1619	2698		500								810	1349		500								160	879		500								1459	1819		500								2	2		1								0	220		2119								160	1819		500								1619	2698		500								810	1349		500								160	879		500								1459	1819		500								2	2		1								0	220		2119								160	1819		500								0		0			0														0	0		1								3738	160		2039								160	2039		2618								183.47	340.84		343.62								340.84	343.62		291.33							
Recording064	ProVisioNET_study_109_01	Male	Novice	snapshot_students	9	snapshot_students	2818	782717	0	0	0	0	0	0	0	0	0	0	0	0	0	0	0	0	0	0	0	0	0	0	0	0	0	0	0	0	0	0	0	0	0	0	0	0	0	0	0	0	0	0	0	0	0	0	0	0																																																	2339	240		0								1169	240										500	240										1839	240										2	1		0								0	680										500	240										Anna	Anna	0	0		0																																									0	0		0																														2339	240		0								1169	240										500	240										1839	240										2	1		0								0	680										500	240										2339	240		0								1169	240										500	240										1839	240										2	1		0								0	680										500	240										0		0			0														0	0		0								919												919										371.8												371.8									
Recording064	ProVisioNET_study_109_01	Male	Novice	snapshot_students	10	snapshot_students	19808	793051	0	0	0	0	0	0	0	0	0	0	0	0	0	0	1	1	0	0	0	0	0	0	0	0	0	0	0	0	0	0	0	0	0	0	0	1	0	0	0	0	0	0	0	0	0	0	0	0															19272	9473																				17107													800	3978		5797								400	796		1159								340	460		220								460	1299		2579								2	5		5								5957	0		520								340	460		999								Carl(a)	Carl(a)	0	0		0																																									0	0		0																														4377	3998		6776								4377	999		2259								4377	460		999								4377	1299		4397								1	4		3								5957	0		520								4377	460		999								4377	3998		6776								4377	999		2259								4377	460		999								4377	1299		4397								1	4		3								5957	0		520								4377	460		999								0		0			0														2	1		3								5897	4717		460									460		4717								280.63	312.36		340.49									340.49		312.36							
Recording064	ProVisioNET_study_109_01	Male	Novice	snapshot_students	11	snapshot_students	21987	826831	0	0	0	0	0	0	0	0	0	0	0	0	0	1	0	0	0	0	0	0	0	0	0	0	0	0	0	0	0	0	0	0	0	0	0	0	0	0	0	0	0	0	0	0	0	0	0	0														5693																																			8475	3458		1099								1695	1729		550								240	620		180								3558	2838		919								5	2		2								2159	0		680								1139	620		180								Anna	Anna	0	0		0																																									0	0		0																														16690	3458		1159								8345	1729		1159								5297	620		1159								11393	2838		1159								2	2		1								2159	0		680								11393	620		1159								16690	3458		1159								8345	1729		1159								5297	620		1159								11393	2838		1159								2	2		1								2159	0		680								11393	620		1159								0		0			0														17	0		1								2119	13552		620								13552	620										232.8	354.34		283.73								354.34	283.73									
Recording064	ProVisioNET_study_109_01	Male	Novice	snapshot_students	12	snapshot_students	1719	858613	0	0	0	0	0	0	0	0	0	0	0	0	0	0	0	0	0	0	0	0	0	0	0	0	0	0	0	0	0	0	0	0	0	0	0	0	0	0	0	0	0	0	0	0	0	0	0	0																																																	460	540		0								230	540										100	540										360	540										2	1		0								1219	0										100	540										Anna	Anna	0	0		0																																									0	0		0																														500	540		0								500	540										500	540										500	540										1	1		0								1219	0										500	540										500	540		0								500	540										500	540										500	540										1	1		0								1219	0										500	540										0		0			0														1	0		0								1159												540										214.3												195.2									
Recording064	ProVisioNET_study_109_01	Male	Novice	snapshot_students	13	snapshot_students	152930	873124	0	0	0	0	0	0	0	0	0	0	0	0	0	0	0	0	0	0	0	0	0	0	0	0	0	0	0	0	0	0	1	1	1	0	0	0	0	0	0	1	1	0	1	1	1	0	0	0																															139136	121355	109436							119041	20243		48901	21242	18901				48711	26105		27264								1188	900		1435								80	100		140								4098	3858		6816								41	29		19								3478	0		879								800	100		300								Bianca	Bianca	0	0		0																																									0	0		0																														73017	30762		35419								6638	1465		3220								660	260		280								13592	6276		14991								11	21		11								3478	0		879								9354	820		600								73017	30802		35419								6638	1467		3220								660	260		280								13592	6276		14991								11	21		11								3478	0		879								9354	820		600								0		0			0														41	13		8								3418	1479		820								12832	820		1479								332.78	292.75		310.96								358.77	310.96		292.75							
Recording064	ProVisioNET_study_109_01	Male	Novice	snapshot_students	14	snapshot_students	15911	1037607	0	0	0	0	0	0	0	0	0	0	0	0	0	0	0	0	0	0	0	0	0	0	0	0	0	0	0	0	0	0	0	0	0	0	0	0	0	0	0	0	0	0	0	0	0	0	0	0																																																	340	4597		2359								340	511		393								340	120		100								340	959		660								1	9		6								10394	0		1279								340	340		660								Carl(a)	Carl(a)	0	0		0																																									0	0		0																														340	7995		2399								340	1999		600								340	340		320								340	5237		1079								1	4		4								10394	0		1279								340	340		660								340	7995		2399								340	1999		600								340	340		320								340	5237		1079								1	4		4								10394	0		1279								340	340		660								0		0			0														0	11		2								10354	5077		1219								10734	340		1939								239.77	206.74		304.09								414.11	281.95		325.22							
Recording064	ProVisioNET_study_109_01	Male	Novice	snapshot_students	15	snapshot_students	57486	1063812	0	0	0	0	0	0	0	0	0	0	0	0	0	0	0	0	0	0	0	1	1	1	0	0	0	0	0	0	0	0	0	0	0	0	0	0	0	1	0	0	0	0	0	0	0	0	0	0																				39698	14355	9698																12883											8975	13952		2638								816	734		660								160	100		500								2858	2818		760								11	19		4								5916	0		25945								879	160		620								Bianca	Bianca	0	0		0																																									0	0		0																														13292	19349		2738								1899	2150		1369								400	100		760								5137	5457		1979								7	9		2								5916	0		25945								879	1779		1979								13292	19349		2738								1899	2150		1369								400	100		760								5137	5457		1979								7	9		2								5916	0		25945								879	1779		1979								0		0			0														10	17		2								5896	10234		25925								6796	1779		41875								185.11	303.59		125.37								190	250.96		307.94							
Recording064	ProVisioNET_study_109_01	Male	Novice	snapshot_students	16	snapshot_students	14891	1131232	0	0	0	0	0	0	0	0	0	0	0	0	0	0	0	0	0	0	0	0	0	0	0	0	0	0	0	0	0	0	0	0	0	0	0	0	0	0	0	0	0	0	0	0	0	0	0	0																																																	2738	1079		4078								685	360		680								600	200		180								780	520		1599								4	3		6								9095	8135		0								600	360		840								Bianca	Bianca	0	0		0																																									0	0		0																														4557	1079		6116								2279	360		6116								1879	200		6116								2678	520		6116								2	3		1								9095	8135		0								1879	360		6116								4557	1079		6116								2279	360		6116								1879	200		6116								2678	520		6116								2	3		1								9095	8135		0								1879	360		6116								0		0			0														4	0		8								9075	8095										14332	8495										136.33	132.1										231.62	232.37									
Recording064	ProVisioNET_study_109_01	Male	Novice	snapshot_students	17	snapshot_students	53748	1152959	0	0	0	0	0	0	0	0	0	0	1	1	1	0	0	0	0	0	0	0	0	0	0	0	0	0	0	0	0	0	0	0	0	0	1	0	0	0	0	0	0	0	0	0	0	0	0	0											39949	17722	9949																						15939														4917	11133		10294								702	655		735								220	100		200								1619	1719		3458								7	17		14								3458	0		8695								640	460		200								Carl(a)	Carl(a)	0	0		0																																									0	0		0																														6696	16890		16810								1339	2111		2802								220	100		360								2598	6316		8555								5	8		6								3458	0		8695								640	1179		8555								6696	16890		16810								1339	2111		2802								220	100		360								2598	6316		8555								5	8		6								3458	0		8695								640	1179		8555								0		0			0														6	12		17								3438	4098		8655								4098	1179		25925								155.9	234.21		157.65								234.21	145.22		193.94							
Recording064	ProVisioNET_study_109_01	Male	Novice	snapshot_students	18	snapshot_students	57326	1214342	0	0	0	0	0	0	0	0	0	0	0	0	0	0	0	0	0	1	1	0	0	0	0	0	0	0	0	0	0	0	0	0	0	0	0	0	1	0	0	0	0	0	0	0	0	0	0	0																		42373	38665																		40674												18249	9115		2019								960	506		252								100	100		120								3118	1059		460								19	18		8								0	4957		5277								100	280		160								Carl(a)	Carl(a)	0	0		0																																									0	0		0																														23966	20208		2119								2996	2526		530								240	140		160								5996	9794		1279								8	8		4								0	4957		5277								4937	280		160								23966	20208		2119								2996	2526		530								240	140		160								5996	9794		1279								8	8		4								0	4957		5277								4937	280		160								0		0			0														9	19		4								11153	4937		5237								4937	5237		5437								133.16	320.79		369.67								320.79	369.67		266.64							
Recording064	ProVisioNET_study_109_01	Male	Novice	snapshot_students	19	snapshot_students	51769	1277525	0	0	0	0	0	0	0	0	0	0	0	0	0	0	0	0	1	0	0	0	0	0	0	0	0	0	0	0	0	0	0	0	0	0	0	0	0	0	0	0	0	0	0	0	0	0	0	0																	5674																																5237	22647		1279								655	1192		640								280	240		560								2339	4177		720								8	19		2								13072	0		11633								460	2299		720								Bianca	Bianca	0	0		0																																									0	0		0																														8135	38557		1279								1356	4284		640								380	320		560								3658	15831		720								6	9		2								13072	0		11633								460	11573		720								8135	38557		1279								1356	4284		640								380	320		560								3658	15831		720								6	9		2								13072	0		11633								460	11573		720								0		0			0														0	19		0								13032	12353		11573								13532	11573		12353								199.67	389.63		360.21								352.76	360.21		389.63							
Recording064	ProVisioNET_study_109_01	Male	Novice	snapshot_students	20	snapshot_students	42335	1337769	0	0	0	0	0	0	0	1	1	1	0	0	0	0	0	0	0	0	0	0	0	0	0	0	0	0	0	0	0	0	0	0	0	1	0	0	0	0	0	0	0	0	0	0	0	0	0	0								36122	10854	6122																								10055															2219	22167		3098								740	1478		620								300	100		80								1419	3118		1679								3	15		5								8455	0		34000								500	100		440								Carl(a)	Carl(a)	0	0		0																																									0	0		0																														2219	31501		3198								740	7875		1066								300	140		300								1419	22567		2459								3	4		3								8455	0		34000								500	8395		440								2219	31501		3198								740	7875		1066								300	140		300								1419	22567		2459								3	4		3								8455	0		34000								500	8395		440								0		0			0														0	17		0								8395	9354		33940								8955	8395		34440								354.36	240.58		418.79								478.92	354.36		175.33							
Recording064	ProVisioNET_study_109_01	Male	Novice	snapshot_students	21	snapshot_students	45533	1389019	0	0	0	0	0	0	0	0	0	0	0	0	0	0	0	0	0	0	0	0	0	0	0	0	0	0	0	0	0	0	0	0	0	0	0	0	0	0	0	0	0	0	0	0	0	0	0	0																																																	9075	18949		1119								1134	947		280								100	100		220								3918	4357		380								8	20		4								6556	0		1439								100	680		220								Anna	Anna	0	0		0																																									0	0		0																														10514	25405		1119								2103	2823		280								100	380		220								4198	7536		380								5	9		4								6556	0		1439								100	1379		220								10514	25405		1119								2103	2823		280								100	380		220								4198	7536		380								5	9		4								6556	0		1439								100	1379		220								0		0			0														4	14		0								20208	7595		3918								6656	13152		13432								356.32	384.01		235.28								109.12	358.25		334.29							
Recording064	ProVisioNET_study_109_01	Male	Novice	snapshot_students	22	snapshot_students	8375	1439908	0	0	0	0	0	0	0	0	0	0	0	0	0	0	0	0	0	0	0	0	0	0	0	0	0	0	0	0	0	0	0	0	0	0	0	0	0	0	0	0	0	0	0	0	0	0	0	0																																																	1619	420		680								810	210		680								460	180		680								1159	240		680								2	2		1								5697	0		220								1159	180		680								Anna	Anna	0	0		0																																									0	0		0																														2678	420		680								2678	210		680								2678	180		680								2678	240		680								1	2		1								5697	0		220								2678	180		680								2678	420		680								2678	210		680								2678	180		680								2678	240		680								1	2		1								5697	0		220								2678	180		680								0		0			0														1	0		0									899		180									180		899									229.38		327.76									327.76		229.38							
Recording064	ProVisioNET_study_109_01	Male	Novice	snapshot_students	23	snapshot_students	29023	1464893	0	0	0	0	0	0	0	0	0	0	0	0	0	0	0	0	0	0	0	0	0	0	0	0	0	0	0	0	0	0	0	0	0	0	0	0	0	0	0	0	0	0	0	0	0	0	0	0																																																	10294	8615		2479								1144	1436		620								160	80		160								2419	3158		1699								9	6		4								0	200		8035								160	1939		320								Anna	Anna	0	0		0																																									0	0		0																														16330	9215		2519								4083	2304		1259								160	1139		320								8055	4737		2199								4	4		2								0	200		8035								160	1939		320								16330	9215		2519								4083	2304		1259								160	1139		320								8055	4737		2199								4	4		2								0	200		8035								160	1939		320								0		0			0														9	1		2								2139	160		7975								160	2139		8355								341.67	284.5		363.9								284.5	341.67		325.81							
Recording064	ProVisioNET_study_109_01	Male	Novice	snapshot_students	24	snapshot_students	580	1499233	0	0	0	0	0	0	0	0	0	0	0	0	0	0	0	0	0	0	0	0	0	0	0	0	0	0	0	0	0	0	0	0	0	0	0	0	0	0	0	0	0	0	0	0	0	0	0	0																																																	580	0		0								580											580											580											1	0		0								0											580											Anna	Anna	0	0		0																																									0	0		0																														580	0		0								580											580											580											1	0		0								0											580											580	0		0								580											580											580											1	0		0								0											580											0		0			0														0	0		0																																																			
Recording064	ProVisioNET_study_109_01	Male	Novice	snapshot_students	25	snapshot_students	14531	1507408	0	0	0	0	0	0	0	0	0	0	0	0	0	0	0	0	0	0	0	0	0	0	0	0	0	1	0	0	0	0	0	0	0	0	0	0	0	0	0	0	0	0	0	0	0	0	0	0																										14520																							1659	6536		879								553	1307		440								340	120		400								899	2978		480								3	5		2								0	480		10594								420	2978		480								Bianca	Bianca	0	0		0																																									0	0		0																														4757	6656		919								2379	2219		919								420	720		919								4337	2978		919								2	3		1								0	480		10594								420	2978		919								4757	6656		919								2379	2219		919								420	720		919								4337	2978		919								2	3		1								0	480		10594								420	2978		919								0		0			0														0	1		1								5417	420		10554								420	10554		11513								216.77	380.33		335.22								380.33	335.22		428.97							
Recording064	ProVisioNET_study_109_01	Male	Novice	Entire Recording	1	fullstream	1643240	0	0	0	2	1	1	1	1	1	1	1	1	1	1	1	1	1	1	1	1	1	1	1	1	1	1	1	1	0	1	1	1	1	1	1	1	1	1	1	1	1	1	1	1	1	1	1	1	1			451161	437715	1589238	1572044	1559238	1373891	1348623	1343891	1192908	1170681	1162908	832524	812323	802524	1283199	1256715	1253007	1103510	1078167	1073510	742621	714606	712621	1521928	454188		1630268	1624834	1012260	994479	982560	1347824	1168898	810158	1255016	1076695	714606	992165	893367	625485	922025	894366	892025	651872	626370	621872	150871	237241	130024	98402	130423	37058	53628	90087	4637	2878		887	941	605	787	378	1123	589	738	386	221		80	80	80	80	60	80	80	100	120	140		4098	4357	4337	6816	3718	4098	6916	6436	1179	340		170	252	215	125	345	33	91	122	12	13		455028	456247	532583	454648	454408	621471	730987	460965	624809	469520		260	160	420	160	220	1279	320	240	240	140		Bianca		0	0	0	0	0	0	0	0	0	0																																			0	0	0	0	0	0	0	0	0	0																								153849	243776	135640	101560	145235	39976	56187	99082	4637	2878		1076	1237	1577	1224	715	2665	814	2831	386	221		100	100	80	140	80	120	80	140	120	140		6956	7536	9294	12213	9394	6576	7296	18469	1179	340		143	197	86	83	203	15	69	35	12	13		455028	456247	532583	454648	454408	621471	730987	460965	624809	469520		1179	160	1159	360	220	1279	660	240	240	140		160885	253331	138878	105338	154709	40856	58805	100341	5037	3498		1125	1286	1615	1269	762	2724	852	2867	420	269		120	140	120	140	80	180	100	140	160	180		7016	7555	9314	12273	9434	6636	7336	18489	1199	420		143	197	86	83	203	15	69	35	12	13		455008	456207	532563	454628	454388	621411	730947	460965	624769	469480		1199	200	1179	380	240	1339	700	240	280	180		1136015	601	1890	400	4.43436	1420	243.4	100.07	644.53	102.88	9.42	0.52	46.81	13369.34	1409	198.75	438.54	343.85	16.79	11	22	103	27	101	8	15	74	0	0		455008	456207	572880	454628	454388	621411	730947	578976	624769	469480		456207	456407	738103	455008	454628	622751	731647	583753	837705	512835		160.48	291.69	476.34	135.88	103.34	340.92	211.48	410.32	240.97	157.07		291.69	306.15	346.47	160.48	135.88	238.76	261.6	224.74	251.1	421.37	
Recording065	ProVisioNET_study_110_02	Female	Novice	Calibration_phase1	1	fullstream	26329	489991	0	0	0	1	0	0	0	0	0	0	0	0	0	0	0	0	0	0	0	0	0	0	0	0	0	0	0	0	0	0	0	0	0	0	0	0	0	0	0	0	0	0	0	0	0	0	0	0				0																																																																																																																																																																																																																																																																																																																																																																			21028	1402	15	2678	5.83558	12	217.68	117.2	450.27	86.99	7.9	0.77	22.66	94.85	4832	103.24	295.15	222.24	10.14																																																							
Recording065	ProVisioNET_study_110_02	Female	Novice	Calibration_phase1_fix	1	fullstream	30000	489991	0	0	1	1	0	0	0	0	0	0	0	0	0	0	0	0	0	0	0	0	0	0	0	0	0	0	0	0	0	0	0	0	0	0	0	0	0	0	0	0	0	0	0	0	0	0	0	0			26329	0																																																																																																																																																																																																																																																																																																																																																																			26525	1206	22	2678	5.8622	17	211.95	100.53	450.27	97.43	8.72	0.77	22.66	148.28	4832	103.24	295.15	222.24	10.14																																																							
Recording065	ProVisioNET_study_110_02	Female	Novice	Calibration_phase2	1	fullstream	22542	1650639	0	0	0	0	0	0	1	0	0	0	0	0	0	0	0	0	0	0	0	0	0	0	0	0	0	0	0	0	0	0	0	0	0	0	0	0	0	0	0	0	0	0	0	0	0	0	0	0							0																																																																																																																																																																																																																																																																																																																																																																18249	1521	12	1719	5.46208	12	255.43	116.27	473.89	106.1	9.59	3.46	18.6	115.12	682	10.84	405.95	281.19	13.26																																																							
Recording065	ProVisioNET_study_110_02	Female	Novice	Calibration_phase2_fix	1	fullstream	30000	1650639	0	0	0	0	0	1	1	0	0	0	0	0	0	0	0	0	0	0	0	0	0	0	0	0	0	0	0	0	0	0	0	0	0	0	0	0	0	0	0	0	0	0	0	0	0	0	0	0						22542	0																																																																																																																																																																																																																																																																																																																																																																26124	1306	20	1719	5.47599	18	224.79	111.82	473.89	101.68	8.56	3.46	18.6	154.15	682	10.84	405.95	281.19	13.26																																																							
Recording065	ProVisioNET_study_110_02	Female	Novice	Chatting_with_neighbour	1	fullstream	6891	1411304	0	0	0	0	0	0	0	0	0	1	0	0	0	0	0	0	0	0	0	0	0	0	0	0	0	0	0	0	0	0	0	0	0	1	0	0	0	0	0	0	0	0	0	0	0	0	0	0										0																								5716															760	819		4413		4413					280	760	273		1103		1103					280	760	180		559		559					280	760	320		1575		1575					280	1	3		4		4					1	2578	2158		0		0					599	760	320		559		559					280	Carl(a),Disruptive_Person	Carl(a),Disruptive_Person	0	0		0		0					0																																		0	0		0		0					0																							760	819		4413		4413					280	760	273		1103		1103					280	760	180		559		559					280	760	320		1575		1575					280	1	3		4		4					1	2578	2158		0		0					599	760	320		559		559					280	760	959		4533		4533					320	760	320		1133		1133					320	760	240		559		559					320	760	360		1615		1615					320	1	3		4		4					1	2578	2118		0		0					559	760	360		559		559					320	4177	597	7	280	3.95218	7	295.05	233.2	401.62	52.6	12.5	10.97	15.29	87.48	559	261.04	233.2	196.14	10.97	0	0		0		0					0		2118		879		879					559		2478		559		559					879		278.03		306.68		306.68					233.2		401.62		233.2		233.2					306.68
Recording065	ProVisioNET_study_110_02	Female	Novice	Chatting_with_neighbour_fix	1	fullstream	30000	1411304	0	0	0	0	0	0	0	0	1	1	0	0	0	0	0	0	0	0	0	0	0	0	0	0	0	0	0	0	0	0	0	0	0	1	0	0	0	0	0	0	0	0	0	0	0	0	0	0									6891	0																								5716															760	1439	2119	19208	80	4457		480			440	760	288	212	1601	80	1114		480			220	760	180	120	80	80	559		480			160	760	360	420	6176	80	1619		480			280	1	5	10	12	1	4		1			2	2578	2158	12812	0	23086	0		26084			599	760	320	360	559	80	559		480			280	Board_Screen		0	0	0	0	0	0		0			0																																		0	0	0	0	0	0		0			0																							760	1439	4975	19248	80	4457		480			440	760	288	1658	1925	80	1114		480			220	760	180	1059	80	80	559		480			160	760	360	2199	6176	80	1619		480			280	1	5	3	10	1	4		1			2	2578	2158	12812	0	23086	0		26084			599	760	320	1059	559	80	559		480			280	760	1699	5075	19668	80	4577		520			540	760	340	1692	1967	80	1144		520			270	760	240	1099	140	80	559		520			220	760	420	2259	6236	80	1659		520			320	1	5	3	10	1	4		1			2	2578	2118	12772	0	23086	0		26044			559	760	360	1099	559	80	559		520			320	23766	820	29	280	3.95807	22	285.64	164.65	401.62	62.49	11.91	1.98	16.81	261.92	559	261.04	233.2	196.14	10.97	0	0	5	2	0	0		0			0		2118		879		879		26044			559		2478		559		559		26564			879		278.03		306.68		306.68		282.81			233.2		401.62		233.2		233.2		304.4			306.68
Recording065	ProVisioNET_study_110_02	Female	Novice	Clicking_pen	1	fullstream	7008	1321550	0	0	0	0	0	0	0	0	0	0	0	0	1	0	0	0	0	0	0	0	0	0	0	0	0	0	0	0	0	0	0	0	0	0	1	0	0	0	0	0	0	0	0	0	0	0	0	0													0																						4479														3583	0	2219	0	280	3863			160			896		1109		280	773			160			85		160		280	85			160			2219		2059		280	2219			160			4	0	2	0	1	5			1			3065		7		2765	2765			3765			680		160		280	280			160			Anna,Disruptive_Person	Anna,Disruptive_Person	0	0	0	0	0	0			0																																				0	0	0	0	0	0			0																									3743	0	2245	0	280	4043			160			1871		2245		280	2021			160			680		2245		280	979			160			3063		2245		280	3063			160			2	0	1	0	1	2			1			3065		0		2765	2765			3765			680		2245		280	979			160			3783	0	2245	0	340	4123			180			1891		2245		340	2061			180			700		2245		340	1039			180			3083		2245		340	3083			180			2	0	1	0	1	2			1			3045		0		2705	2705			3745			700		2245		340	1039			180			6156	879	7	160	3.6972	5	203.64	141.72	286.59	64.29	7.14	5.02	9.35	35.7	167	54.64	147.71	147.71	5.26	1	0	1	0	0	2			0			3045					3924			3745			3745				3045	3745			3924			188.82					286.59			253.36			253.36				188.82	253.36			286.59		
Recording065	ProVisioNET_study_110_02	Female	Novice	Clicking_pen_fix	1	fullstream	30488	1321550	0	0	0	0	0	0	0	0	0	0	0	1	1	0	0	0	0	0	0	0	0	0	0	0	0	0	0	0	0	0	0	0	0	0	1	0	0	0	0	0	0	0	0	0	0	0	0	0												7008	0																						4479														8314	720	14012	0	580	4158			340			640	360	452		193	832			170			260	180	80		80	280			160			2219	540	2059		280	2219			180			13	2	31	0	3	5			2			3065	26831	7		2765	2765			3765			680	540	160		280	280			160			Anna	Anna	0	0	0	0	0	0			0																																				0	0	0	0	0	0			0																									8534	720	14958	0	580	4337			340			1067	360	2493		193	2169			170			280	180	859		80	979			160			3358	540	5597		280	3358			180			8	2	6	0	3	2			2			3065	26831	0		2765	2765			3765			680	540	2245		280	979			160			8714	800	15198	0	680	4417			420			1089	400	2533		227	2209			210			280	220	879		80	1039			180			3378	580	5677		340	3378			240			8	2	6	0	3	2			2			3045	26791	0		2705	2705			3745			700	580	2245		340	1039			180			23106	472	49	160	3.55988	35	207.63	102.7	409.33	82.24	8.01	2.3	22.16	280.26	167	54.64	147.71	147.71	5.26	4	0	23	0	0	2			0			3045	26791				3924			3745			3745	29869			3045	3745			3924			188.82	306.38				286.59			253.36			253.36	352.84			188.82	253.36			286.59		
Recording065	ProVisioNET_study_110_02	Female	Novice	Drawing	1	fullstream	25654	1050806	0	0	0	0	0	0	0	0	0	0	0	0	0	0	0	1	0	0	0	0	0	0	0	0	0	0	0	0	0	0	0	0	0	0	0	1	0	0	0	0	0	0	0	0	0	0	0	0																0																				19088													3558	979	3398	1797	2339	9414	5936	4577	200			712	490	378	599	780	1569	5936	915	200			140	320	100	340	80	80	5936	420	200			1839	660	760	800	2179	5936	5936	2698	200			5	2	9	3	3	6	1	5	1			191	14282	1330	17780	14982	14982	18160	7127	551			180	660	200	340	80	80	5936	420	200			Carl(a)	Carl(a)	0	0	0	0	0	0	0	0	0																																				0	0	0	0	0	0	0	0	0																									3578	979	3578	1817	2399	9594	5936	4797	200			894	490	894	909	2399	4797	5936	4797	200			300	320	120	340	2399	2399	5936	4797	200			1839	660	1779	1477	2399	7196	5936	4797	200			4	2	4	2	1	2	1	1	1			191	14282	1330	17780	14982	14982	18160	7127	551			340	660	919	340	2399	2399	5936	4797	200			3738	1079	3778	1937	2439	9674	5976	4837	220			934	540	944	968	2439	4837	5976	4837	220			320	360	120	380	2439	2439	5976	4837	220			1899	720	1839	1557	2439	7236	5976	4837	220			4	2	4	2	1	2	1	1	1			151	14222	1230	17740	14942	14942	18120	7087	531			380	720	1019	380	2439	2439	5976	4837	220			22007	815	27	180	3.4237	21	238.74	103.21	436.58	107.7	9.34	0.72	19.23	196.11	371	217.3	103.21	103.21	5.38	1	0	5	1	2	4	0	4	0				14222		17740	14942	14942	18120		531			531	14942	6447	18120	17381	17381	24097						333.3		282.87	401.85	401.85	176.82		336.29			336.29	401.85	305.91	176.82	203.78	203.78	436.58				
Recording065	ProVisioNET_study_110_02	Female	Novice	Drawing_fix	1	fullstream	30000	1050806	0	0	0	0	0	0	0	0	0	0	0	0	0	0	1	1	0	0	0	0	0	0	0	0	0	0	0	0	0	0	0	0	0	0	0	1	0	0	0	0	0	0	0	0	0	0	0	0															25654	0																				19088													3558	979	4497	2698	2918	9414	5936	4577	200			712	490	321	450	584	1569	5936	915	200			140	320	100	180	80	80	5936	420	200			1839	660	760	800	2179	5936	5936	2698	200			5	2	14	6	5	6	1	5	1			191	14282	1330	17780	14982	14982	18160	7127	551			180	660	200	340	80	80	5936	420	200			Board_Screen		0	0	0	0	0	0	0	0	0																																				0	0	0	0	0	0	0	0	0																									3578	979	4797	2778	2978	9594	5936	4797	200			894	490	800	1389	993	4797	5936	4797	200			300	320	120	340	200	2399	5936	4797	200			1839	660	1779	2439	2399	7196	5936	4797	200			4	2	6	2	3	2	1	1	1			191	14282	1330	17780	14982	14982	18160	7127	551			340	660	919	340	2399	2399	5936	4797	200			3738	1079	5037	2898	3198	9674	5976	4837	220			934	540	840	1449	1066	4837	5976	4837	220			320	360	120	380	280	2439	5976	4837	220			1899	720	1839	2519	2439	7236	5976	4837	220			4	2	6	2	3	2	1	1	1			151	14222	1230	17740	14942	14942	18120	7087	531			380	720	1019	380	2439	2439	5976	4837	220			25125	679	37	180	3.42581	28	235.84	103.21	436.58	105.7	9.68	0.72	31.46	271.04	371	217.3	103.21	103.21	5.38	1	0	7	4	2	4	0	4	0				14222		17740	14942	14942	18120		531			531	14942	6447	18120	17381	17381	24097						333.3		282.87	401.85	401.85	176.82		336.29			336.29	401.85	305.91	176.82	203.78	203.78	436.58				
Recording065	ProVisioNET_study_110_02	Female	Novice	Drumming_with_hands	1	fullstream	9379	1140799	0	0	0	0	0	0	0	0	0	0	0	0	0	0	0	0	0	0	1	0	0	0	0	0	0	0	0	0	0	0	0	0	0	0	0	0	1	0	0	0	0	0	0	0	0	0	0	0																			0																		8318												1838	0		7101		1838			300			919			7101		919			300			340			7101		340			300			1498			7101		1498			300			2	0		1		2			1			7181			0		7181			7541			340			7101		340			300			Anna,Disruptive_Person	Anna,Disruptive_Person	0	0		0		0			0																																				0	0		0		0			0																									1838	0		7101		1838			300			919			7101		919			300			340			7101		340			300			1498			7101		1498			300			2	0		1		2			1			7181			0		7181			7541			340			7101		340			300			1958	0		7101		1958			320			979			7101		979			320			420			7101		420			320			1538			7101		1538			320			2	0		1		2			1			7101			0		7101			7521			420			7101		420			320			640	320	2	340	4.3219	3	250.32	149.09	363.54	107.73	13.21	9.5	18.99	39.62	7101	200.18	363.54	295.45	18.99	0	0		0		0			0			7101					7101			7521			7521			7101		7521			7841			363.54					363.54			149.09			149.09			363.54		149.09			238.33		
Recording065	ProVisioNET_study_110_02	Female	Novice	Drumming_with_hands_fix	1	fullstream	30000	1140799	0	0	0	0	0	0	0	0	0	0	0	0	0	0	0	0	0	1	1	0	0	0	0	0	0	0	0	0	0	0	0	0	0	0	0	0	1	0	0	0	0	0	0	0	0	0	0	0																		9379	0																		8318												11693	520	3538	7821	380	4477		2099	300	260		1949	260	208	1955	190	2239		420	300	260		240	240	100	140	160	340		160	300	260		4837	280	640	7101	220	4138		840	300	260		6	2	17	4	2	2		5	1	1		7181	17875	12178	0	23691	7181		18194	7541	23391		340	240	100	7101	160	340		560	300	260		Board_Screen		0	0	0	0	0	0		0	0	0																																			0	0	0	0	0	0		0	0	0																								11693	520	4510	7841	380	4477		2279	300	260		1949	260	1503	2614	190	2239		2279	300	260		240	240	580	280	160	340		2279	300	260		4837	280	2239	7101	220	4138		2279	300	260		6	2	3	3	2	2		1	1	1		7181	17875	12178	0	23691	7181		18194	7541	23391		340	240	580	7101	160	340		2279	300	260		11953	600	4610	7941	440	4597		2359	320	400		1992	300	1537	2647	220	2299		2359	320	400		260	280	580	360	200	420		2359	320	400		4877	320	2279	7101	240	4178		2359	320	400		6	2	3	3	2	2		1	1	1		7101	17835	12178	0	23651	7101		18114	7521	23251		420	280	580	7101	200	420		2359	320	400		19388	539	36	340	3.86525	30	239.46	102.18	528.39	101.81	9.86	1.71	30.11	295.74	7101	200.18	363.54	295.45	18.99	0	0	11	1	0	0		4	0	0		7101	17835		26889	23651	7101		18114	7521			7521	18114		7101	23851	7521			7841	23651		363.54	251.92		389.96	201.83	363.54		282.19	149.09			149.09	282.19		363.54	117.96	149.09			238.33	201.83	
Recording065	ProVisioNET_study_110_02	Female	Novice	Head_on_table	1	fullstream	30000	961492	0	0	0	0	0	0	0	0	0	0	0	0	0	0	0	0	0	0	0	0	0	1	0	0	0	0	0	0	0	0	0	0	0	0	0	0	0	0	0	0	0	0	0	0	0	0	0	0																						0																											4917	2176	11973	0	5517	2756			220	260		820	725	374		1839	689			220	130		80	320	80		300	320			220	100		1859	1397	999		4637	1397			220	160		6	3	32	0	3	4			1	2		1837	0	3875		14649	0			1577	1437		1859	1397	500		300	1397			220	100		Anna	Anna	0	0	0	0	0	0			0	0																																			0	0	0	0	0	0			0	0																								4917	2176	13132	0	5577	2756			220	260		820	725	2189		2788	689			220	130		80	320	440		300	320			220	100		1859	1397	3738		5277	1397			220	160		6	3	6	0	2	4			1	2		1837	0	3875		14649	0			1577	1437		1859	1397	1599		300	1397			220	100		5157	2256	13352	0	5797	2896			260	320		859	752	2225		2898	724			260	160		140	360	520		460	360			260	140		1899	1397	3778		5337	1397			260	180		6	3	6	0	2	4			1	2		1797	0	3835		14489	0			1537	1397		1899	1397	1639		460	1397			260	140		22647	515	44	100	3.18201	32	204.17	108.17	354.6	77.37	7.47	1.55	20.52	239.1	1397	279.11	194.37	160.35	8.04	0	0	21	0	1	0			0	0		1797	29340	5494		14489	29340			1537	1397		14389	1397			14949	1397			1797	1537		282.72	223.92	173		320.88	223.92			264.43	194.37		135.78	194.37			129.93	194.37			282.72	264.43	
Recording065	ProVisioNET_study_110_02	Female	Novice	Heckling	1	fullstream	2473	690559	0	0	0	0	0	0	0	0	0	0	0	0	0	0	0	0	0	0	0	0	0	0	0	0	1	0	0	0	0	0	0	0	0	0	0	0	0	0	0	0	0	0	0	0	0	0	0	0																									0																								0	0	400	965	120	1244					160			200	322	120	249					160			100	180	120	120					160			300	525	120	525					160	0	0	2	3	1	5					1			10	889	1349	889					1489			300	260	120	260					160	Carl(a),Disruptive_Person	Carl(a),Disruptive_Person	0	0	0	0	0	0					0																																		0	0	0	0	0	0					0																							0	0	500	965	120	1324					160			500	322	120	441					160			500	180	120	260					160			500	525	120	540					160	0	0	1	3	1	3					1			10	889	1349	889					1489			500	260	120	260					160	0	0	509	1065	180	1424					180			509	355	180	475					180			509	240	180	260					180			509	565	180	600					180	0	0	1	3	1	3					1			0	889	1289	889					1469			509	260	180	260					180	879	176	5	300	3.65896	3	221.8	126.48	350.24	115.5	5.89	0.91	14.2	17.66	1469	242.81	126.48	126.48	2.55	0	0	0	0	0	2					0				1649		1908					1469					1469						1649				350.24		188.66					126.48					126.48						350.24
Recording065	ProVisioNET_study_110_02	Female	Novice	Heckling_fix	1	fullstream	30000	690559	0	0	0	0	0	0	0	0	0	0	0	0	0	0	0	0	0	0	0	0	0	0	0	1	1	0	0	0	0	0	0	0	0	0	0	0	0	0	1	0	0	0	0	0	0	0	0	0																								2473	0														3179										0	0	2638	23634	460	2838					360			240	3376	230	568					180			100	180	120	120					160			500	8275	340	2119					200	0	0	11	7	2	5					2			10	889	1349	889					1489			300	260	120	260					160	Carl(a)	Carl(a)	0	0	0	0	0	0					0																																		0	0	0	0	0	0					0																							0	0	2978	23634	460	2918					360			745	3376	230	973					180			500	180	120	260					160			1439	8275	340	2119					200	0	0	4	7	2	3					2			10	889	1349	889					1489			500	260	120	260					160	0	0	3068	23854	600	3018					420			767	3408	300	1006					210			509	240	180	260					180			1459	8315	420	2159					240	0	0	4	7	2	3					2			0	889	1289	889					1469			509	260	180	260					180	17030	896	19	300	3.74031	12	234.44	104.26	350.24	78.72	8.86	0.91	20.62	106.31	1469	242.81	126.48	126.48	2.55	0	0	6	0	0	2					0				1649		1908					1469				13002	1469						1649				350.24		188.66					126.48				256.06	126.48						350.24
Recording065	ProVisioNET_study_110_02	Female	Novice	Lesson	1	fullstream	1055627	520447	0	0	0	0	0	0	0	1	1	1	1	1	1	1	1	1	1	1	1	0	1	1	1	1	1	0	1	0	0	0	1	1	1	1	1	1	1	0	1	0	1	1	1	1	1	1	1	1								920857	897749	890857	831591	808111	801103	560359	556013	530359	650352	629731	620352		471045	441045	200112	172586	170113		0				741695	719400	711696	896573	805583	549447	628670		173292		260849	357447	289898	262506	259898	380453	358745	350453	175017	170919	258488	181553	59133	39956	18309	21287	3618	3278	2918	983	777	401	1365	358	1025	964	453	201	193	224	80	80	80	80	80	80	120	100	80	100	160	6576	9235	6916	11433	5797	5936	5936	2698	320	320	420	178	220	644	133	165	39	19	47	18	17	13	761	1181	6258	581	3360	171002	489115	59707	79575	46015	171601	380	760	140	140	380	260	620	340	220	200	160	Classroom_Others	Classroom_Others	0	0	0	0	0	0	0	0	0	0	0																																		0	0	0	0	0	0	0	0	0	0	0																							176156	172258	291248	184191	62111	40516	18309	22467	3618	3278	2918	1215	968	1955	1806	501	1621	964	1182	201	193	224	80	100	80	80	80	180	120	140	80	100	160	8395	11493	8035	11433	7016	7196	5936	4797	320	320	420	145	178	149	102	124	25	19	19	18	17	13	761	1181	6258	581	3360	171002	489115	59707	79575	46015	171601	380	760	140	140	2359	260	620	340	220	200	160	182333	180474	296765	188549	67168	41635	18909	23566	4317	3998	3458	1257	1014	1992	1849	542	1665	995	1240	240	235	266	100	140	100	140	80	260	180	200	100	140	180	8435	11533	8055	11473	7056	7236	5976	4837	340	400	480	145	178	149	102	124	25	19	19	18	17	13	721	1141	6218	521	3280	171002	489075	59627	79535	45975	171581	420	800	180	200	2439	260	660	420	260	240	180	818976	608	1347	140	3.62391	1041	231.19	100.1	611.51	95.6	9	0.52	43.09	9366.82	521	341.9	289.33	216.07	8.31	28	32	412	21	28	13	0	28	0	0	0	721	1141	69301	521	6418	172021	489075	59627	79535	45975	171581	1141	1941	80275	721	5718	260949	489734	253014	235984	46215	171761	119.28	215.36	234.34	289.33	276.75	188.66	257.95	438.27	317.25	154.86	126.48	215.36	230.91	270.79	119.28	331.18	213.89	326.94	339.01	258.68	236.76	350.24
Recording065	ProVisioNET_study_110_02	Female	Novice	Letter_search	1	fullstream	25231	1708902	0	0	0	0	0	0	0	0	0	0	0	0	0	0	0	0	0	0	0	0	0	0	0	0	0	0	0	0	0	1	0	0	0	0	0	0	0	0	0	0	0	0	0	0	0	0	0	0																														0																																																																																																																																																																																																																																																																																																																																									18249	231	79	140	4.07061	59	242.85	107.69	435.52	93.54	9.01	0.66	23.77	531.33	624	37.04	232.57	186.96	4.43																																																							
Recording065	ProVisioNET_study_110_02	Female	Novice	Letter_search_fix	1	fullstream	30000	1708902	0	0	0	0	0	0	0	0	0	0	0	0	0	0	0	0	0	0	0	0	0	0	0	0	0	0	0	0	1	1	0	0	0	0	0	0	0	0	0	0	0	0	0	0	0	0	0	0																													25231	0																																																																																																																																																																																																																																																																																																																																									21707	247	88	140	4.0738	64	238.6	107.69	435.52	93.03	8.69	0.66	23.77	556.01	624	37.04	232.57	186.96	4.43																																																							
Recording065	ProVisioNET_study_110_02	Female	Novice	Looking_at_phone	1	fullstream	7704	1232142	0	0	0	0	0	0	0	0	0	0	0	0	0	0	0	0	0	0	0	0	0	0	0	0	0	0	0	0	0	0	0	0	1	0	0	0	0	0	0	0	0	0	0	0	0	0	0	0																																	0																227	1520	2459	0	1639	1599						227	253	2459		410	267						227	100	2459		80	100						227	480	2459		800	480						1	6	1	0	4	6						0	4225	1127		4025	4225						227	100	2459		80	100						Bianca	Bianca	0	0	0	0	0	0																																							0	0	0	0	0	0																												227	1560	2459	0	1639	1659						227	390	2459		410	553						227	100	2459		80	180						227	561	2459		800	1059						1	4	1	0	4	3						0	4225	1127		4025	4225						227	100	2459		80	1059						227	1720	2479	0	1859	1799						227	430	2479		465	600						227	140	2479		140	260						227	641	2479		820	1099						1	4	1	0	4	3						0	4185	1107		3965	4185						227	140	2479		140	1099						5337	485	11	80	3.70367	7	234.85	103.9	553.99	177.43	13.84	1.1	36.02	96.85	4325	216.28	109.44	109.44	9.83	0	2	0	0	0	3							4785			4325	6184							4325			4785	6624							161.72			109.44	103.9							109.44			161.72	409.8					
Recording065	ProVisioNET_study_110_02	Female	Novice	Looking_at_phone_fix	1	fullstream	30000	1232142	0	0	0	0	0	0	0	0	0	0	0	0	0	0	0	0	0	0	0	0	0	0	0	0	0	0	0	0	0	0	0	1	1	0	0	0	0	0	0	0	0	0	0	0	0	0	0	0																																7704	0																427	7096	13162	0	3258	1599	460	140				214	473	1012		407	267	460	140				200	100	80		80	100	460	140				227	1139	4237		800	480	460	140				2	15	13	0	8	6	1	1				0	4225	1127		4025	4225	9182	14379				227	100	2459		80	100	460	140				Board_Screen	Board_Screen	0	0	0	0	0	0	0	0																																					0	0	0	0	0	0	0	0																										427	7296	13402	0	3318	1659	460	140				214	811	2234		474	553	460	140				200	100	80		80	180	460	140				227	2019	5826		1279	1059	460	140				2	9	6	0	7	3	1	1				0	4225	1127		4025	4225	9182	14379				227	100	2459		80	1059	460	140				427	7595	13622	0	3598	1799	500	200				214	844	2270		514	600	500	200				200	140	160		140	260	500	200				227	2079	5846		1279	1099	500	200				2	9	6	0	7	3	1	1				0	4185	1107		3965	4185	9142	14319				227	140	2479		140	1099	500	200				21067	638	33	80	3.63782	25	234.37	103.9	553.99	125.74	11.13	1.1	36.02	278.31	4325	216.28	109.44	109.44	9.83	0	4	7	0	1	3	0	0					4785	11801		4325	6184	9142	14319				21835	4325			4785	6624	9642	14519					161.72	400.48		109.44	103.9	297.52	369.2				323.37	109.44			161.72	409.8	158.78	425.97			
Recording065	ProVisioNET_study_110_02	Female	Novice	Snipping_with_fingers	1	fullstream	2608	780345	0	0	0	0	0	0	0	0	0	0	0	0	0	0	0	0	0	0	0	0	0	0	0	0	0	0	0	0	0	0	0	0	0	0	0	0	0	0	0	0	1	0	0	0	1	0	0	0																																									951				0				0	2277		0	200	959							1138			200	480							760			200	200							1517			200	760						0	2		0	1	2							72			851	72							760			200	760						Bianca	Bianca	0	0		0	0	0																																							0	0		0	0	0																												0	2277		0	200	979							1138			200	979							760			200	979							1517			200	979						0	2		0	1	1							72			851	72							760			200	979						0	2389		0	220	1051							1194			220	1051							831			220	1051							1557			220	1051						0	2		0	1	1							0			831	0							831			220	1051						959	480	2	760	3.8519	2	248.71	213.89	283.52	49.24	9.7	9.05	10.35	19.4	831	261.62	283.52	283.52	10.35	0	0		0	0	1							1051			831								831			1051	1051							213.89			283.52								283.52			213.89	213.89					
Recording065	ProVisioNET_study_110_02	Female	Novice	Snpping_with_fingers_fix	1	fullstream	30000	780345	0	0	0	0	0	0	0	0	0	0	0	0	0	0	0	0	0	0	0	0	0	0	0	0	0	0	0	0	0	0	0	0	0	0	0	0	0	0	0	0	1	0	0	1	1	0	0	0																																									951			2608	0				1279	9754	10280	1359	460	959		2598				640	1084	490	340	230	480		289				420	100	80	200	200	200		100				859	4497	2658	600	260	760		680				2	9	21	4	2	2		9				14343	72	10685	15403	851	72		8027				420	760	1579	200	200	760		180				Board_Screen	Board_Screen	0	0	0	0	0	0		0																																					0	0	0	0	0	0		0																										1279	9914	11160	1359	460	979		2898				640	1416	2790	340	230	979		1449				420	200	1319	200	200	979		520				859	6856	5137	600	260	979		2379				2	7	4	4	2	1		2				14343	72	10685	15403	851	72		8027				420	760	3338	200	200	979		2379				1379	10286	11360	1619	480	1051		2978				690	1469	2840	405	240	1051		1489				460	260	1359	260	220	1051		560				919	6896	5197	640	260	1051		2419				2	7	4	4	2	1		2				14303	0	10665	15343	831	0		7987				460	831	3358	260	220	1051		2419				20208	493	41	760	3.57952	31	244.6	100.12	479.57	108.54	9.62	1.17	30.51	298.32	831	261.62	283.52	283.52	10.35	0	1	12	0	0	1		7				21039	1051		15343	831							14763	831		15603	1051	1051		20400				300.7	213.89		291.77	283.52							287.28	283.52		222.78	213.89	213.89		479.57			
Recording065	ProVisioNET_study_110_02	Female	Novice	Whispering	1	fullstream	8292	870900	0	0	0	0	0	0	0	0	0	0	0	0	0	0	0	0	0	0	0	0	0	0	0	0	0	0	0	0	0	0	0	0	0	0	0	0	0	0	0	0	0	1	0	0	0	0	0	1																																										6994						0	5893	1239		0	180	5893			160	320		1179	310			180	1179			160	320		383	140			180	383			160	320		2159	600			180	2159			160	320		5	4		0	1	5			1	1		0	2602			5820	0			6739	6020		383	600			180	383			160	320		Anna,Disruptive_Person	Anna,Disruptive_Person	0	0		0	0	0			0	0																																			0	0		0	0	0			0	0																								5933	1239		0	180	5933			160	320		1483	310			180	1483			160	320		879	140			180	879			160	320		2582	600			180	2582			160	320		4	4		0	1	4			1	1		0	2602			5820	0			6739	6020		2582	600			180	2582			160	320		6013	1399		0	200	6013			220	340		1503	350			200	1503			220	340		899	160			200	899			220	340		2582	620			200	2582			220	340		4	4		0	1	4			1	1		0	2582			5800	0			6679	6000		2582	620			200	2582			220	340		6156	560	11	2159	3.88849	12	194.85	106.28	349.21	74.68	7.29	1.6	15.22	87.54	383	140.71	134.25	133.34	2.38	1	0		0	0	1			0	0		3201	2582			5800	3201			6679	6000		2582	3201			6000	2582			6899	6339		106.28	172.79			142.71	106.28			304.87	230.15		172.79	106.28			230.15	172.79			245.85	349.21	
Recording065	ProVisioNET_study_110_02	Female	Novice	Whispering_fix	1	fullstream	30000	870900	0	0	0	0	0	0	0	0	0	0	0	0	0	0	0	0	0	0	0	0	0	0	0	0	0	0	0	0	0	0	0	0	0	0	0	0	0	0	0	0	0	1	0	0	0	0	1	1																																										6994					8292	0	17967	1239	3158	0	3798	7119			160	320		1497	310	316		543	1424			160	320		383	140	80		80	383			160	320		2578	600	720		2099	2578			160	320		12	4	10	0	7	5			1	1		0	2602	16573		5820	0			6739	6020		383	600	220		180	383			160	320		Anna	Anna	0	0	0	0	0	0			0	0																																			0	0	0	0	0	0			0	0																								18147	1239	3458	0	3798	7159			160	320		2592	310	692		543	1790			160	320		440	140	220		80	879			160	320		8395	600	1579		2099	2582			160	320		7	4	5	0	7	4			1	1		0	2602	16573		5820	0			6739	6020		2582	600	220		180	2582			160	320		18367	1399	3658	0	4098	7239			220	340		2624	350	732		585	1810			220	340		480	160	240		100	899			220	340		8435	620	1619		2159	2618			220	340		7	4	5	0	7	4			1	1		0	2582	16553		5800	0			6679	6000		2582	620	240		200	2582			220	340		21587	675	32	2159	3.78289	24	184.44	100.22	492.59	92.2	6.94	1.6	23.35	166.49	383	140.71	134.25	133.34	2.38	4	0	4	0	0	1			0	0		3201	2582	21950		5800	3201			6679	6000		2582	3201	21830		6000	2582			6899	6339		106.28	172.79	195.13		142.71	106.28			304.87	230.15		172.79	106.28	122.36		230.15	172.79			245.85	349.21	
>>>>>>> Stashed changes
Recording065	ProVisioNET_study_110_02	Female	Novice	snapshop_A_nametag	1	snapshop_A_nametag	220	600022	0	0	0	0	0	0	0	0	0	0	0	0	0	0	0	0	0	0	0	0	0	0	0	0	0	0	0	0	0	0	0	0	0	0	0	0	0	0	0	0	0	0	0	0	0	0	0	0																																																									220											220											220											220											1											0											220			Nametag_Anna	Nametag_Anna									0																																												0																																	220											220											220											220											1											0											220											220											220											220											220											1											0											220			0		0			0																						0																																														
Recording065	ProVisioNET_study_110_02	Female	Novice	snapshop_A_nametag	2	snapshop_A_nametag	320	756111	0	0	0	0	0	0	0	0	0	0	0	0	0	0	0	0	0	0	0	0	0	0	0	0	0	0	0	0	0	0	0	0	0	0	0	0	0	0	0	0	0	0	0	0	0	0	0	0																																																									320											320											320											320											1											0											320			Nametag_Anna	Nametag_Anna									0																																												0																																	320											320											320											320											1											0											320											320											320											320											320											1											0											320			0		0			0																						0																																														
Recording065	ProVisioNET_study_110_02	Female	Novice	snapshop_A_nametag	3	snapshop_A_nametag	140	839162	0	0	0	0	0	0	0	0	0	0	0	0	0	0	0	0	0	0	0	0	0	0	0	0	0	0	0	0	0	0	0	0	0	0	0	0	0	0	0	0	0	0	0	0	0	0	0	0																																																									140											140											140											140											1											0											140			Nametag_Anna	Nametag_Anna									0																																												0																																	140											140											140											140											1											0											140											140											140											140											140											1											0											140			0		0			0																						0																																														
Recording065	ProVisioNET_study_110_02	Female	Novice	snapshop_A_nametag	4	snapshop_A_nametag	320	853933	0	0	0	0	0	0	0	0	0	0	0	0	0	0	0	0	0	0	0	0	0	0	0	0	0	0	0	0	0	0	0	0	0	0	0	0	0	0	0	0	0	0	0	0	0	0	0	0																																																									320											320											320											320											1											0											320			Nametag_Anna	Nametag_Anna									0																																												0																																	320											320											320											320											1											0											320											320											320											320											320											1											0											320			0		0			0																						0																																														
Recording065	ProVisioNET_study_110_02	Female	Novice	snapshop_A_nametag	5	snapshop_A_nametag	160	877639	0	0	0	0	0	0	0	0	0	0	0	0	0	0	0	0	0	0	0	0	0	0	0	0	0	0	0	0	0	0	0	0	0	0	0	0	0	0	0	0	0	0	0	0	0	0	0	0																																																									160											160											160											160											1											0											160			Nametag_Anna	Nametag_Anna									0																																												0																																	160											160											160											160											1											0											160											160											160											160											160											1											0											160			0		0			0																						0																																														
Recording065	ProVisioNET_study_110_02	Female	Novice	snapshop_A_nametag	6	snapshop_A_nametag	220	954734	0	0	0	0	0	0	0	0	0	0	0	0	0	0	0	0	0	0	0	0	0	0	0	0	0	0	0	0	0	0	0	0	0	0	0	0	0	0	0	0	0	0	0	0	0	0	0	0																																																									220											220											220											220											1											0											220			Nametag_Anna	Nametag_Anna									0																																												0																																	220											220											220											220											1											0											220											220											220											220											220											1											0											220			0		0			0																						0																																														
Recording065	ProVisioNET_study_110_02	Female	Novice	snapshop_A_nametag	7	snapshop_A_nametag	220	963069	0	0	0	0	0	0	0	0	0	0	0	0	0	0	0	0	0	0	0	0	0	0	0	0	0	0	0	0	0	0	0	0	0	0	0	0	0	0	0	0	0	0	0	0	0	0	0	0																																																									220											220											220											220											1											0											220			Nametag_Anna	Nametag_Anna									0																																												0																																	220											220											220											220											1											0											220											220											220											220											220											1											0											220			0		0			0																						0																																														
Recording065	ProVisioNET_study_110_02	Female	Novice	snapshop_A_nametag	8	snapshop_A_nametag	140	1039564	0	0	0	0	0	0	0	0	0	0	0	0	0	0	0	0	0	0	0	0	0	0	0	0	0	0	0	0	0	0	0	0	0	0	0	0	0	0	0	0	0	0	0	0	0	0	0	0																																																									140											140											140											140											1											0											140			Nametag_Anna	Nametag_Anna									0																																												0																																	140											140											140											140											1											0											140											140											140											140											140											1											0											140			0		0			0																						0																																														
Recording065	ProVisioNET_study_110_02	Female	Novice	snapshop_A_nametag	9	snapshop_A_nametag	200	1051357	0	0	0	0	0	0	0	0	0	0	0	0	0	0	0	0	0	0	0	0	0	0	0	0	0	0	0	0	0	0	0	0	0	0	0	0	0	0	0	0	0	0	0	0	0	0	0	0																																																									200											200											200											200											1											0											200			Nametag_Anna	Nametag_Anna									0																																												0																																	200											200											200											200											1											0											200											200											200											200											200											1											0											200			0		0			0																						0																																														
Recording065	ProVisioNET_study_110_02	Female	Novice	snapshop_A_nametag	10	snapshop_A_nametag	80	1122755	0	0	0	0	0	0	0	0	0	0	0	0	0	0	0	0	0	0	0	0	0	0	0	0	0	0	0	0	0	0	0	0	0	0	0	0	0	0	0	0	0	0	0	0	0	0	0	0																																																									80											80											80											80											1											0											80			Nametag_Anna	Nametag_Anna									0																																												0																																	80											80											80											80											1											0											80											80											80											80											80											1											0											80			0		0			0																						0																																														
Recording065	ProVisioNET_study_110_02	Female	Novice	snapshop_A_nametag	11	snapshop_A_nametag	300	1148339	0	0	0	0	0	0	0	0	0	0	0	0	0	0	0	0	0	0	0	0	0	0	0	0	0	0	0	0	0	0	0	0	0	0	0	0	0	0	0	0	0	0	0	0	0	0	0	0																																																									300											300											300											300											1											0											300			Nametag_Anna	Nametag_Anna									0																																												0																																	300											300											300											300											1											0											300											300											300											300											300											1											0											300			0		0			0																						0																																														
Recording065	ProVisioNET_study_110_02	Female	Novice	snapshop_A_nametag	12	snapshop_A_nametag	260	1191314	0	0	0	0	0	0	0	0	0	0	0	0	0	0	0	0	0	0	0	0	0	0	0	0	0	0	0	0	0	0	0	0	0	0	0	0	0	0	0	0	0	0	0	0	0	0	0	0																																																									260											260											260											260											1											0											260			Nametag_Anna	Nametag_Anna									0																																												0																																	260											260											260											260											1											0											260											260											260											260											260											1											0											260			0		0			0																						0																																														
Recording065	ProVisioNET_study_110_02	Female	Novice	snapshop_A_nametag	13	snapshop_A_nametag	120	1229451	0	0	0	0	0	0	0	0	0	0	0	0	0	0	0	0	0	0	0	0	0	0	0	0	0	0	0	0	0	0	0	0	0	0	0	0	0	0	0	0	0	0	0	0	0	0	0	0																																																									120											120											120											120											1											0											120			Nametag_Anna	Nametag_Anna									0																																												0																																	120											120											120											120											1											0											120											120											120											120											120											1											0											120			0		0			0																						0																																														
Recording065	ProVisioNET_study_110_02	Female	Novice	snapshop_A_nametag	14	snapshop_A_nametag	160	1325315	0	0	0	0	0	0	0	0	0	0	0	0	0	0	0	0	0	0	0	0	0	0	0	0	0	0	0	0	0	0	0	0	0	0	0	0	0	0	0	0	0	0	0	0	0	0	0	0																																																									160											160											160											160											1											0											160			Nametag_Anna	Nametag_Anna									0																																												0																																	160											160											160											160											1											0											160											160											160											160											160											1											0											160			0		0			0																						0																																														
Recording065	ProVisioNET_study_110_02	Female	Novice	snapshop_A_nametag	15	snapshop_A_nametag	180	1331671	0	0	0	0	0	0	0	0	0	0	0	0	0	0	0	0	0	0	0	0	0	0	0	0	0	0	0	0	0	0	0	0	0	0	0	0	0	0	0	0	0	0	0	0	0	0	0	0																																																									180											180											180											180											1											0											180			Nametag_Anna	Nametag_Anna									0																																												0																																	180											180											180											180											1											0											180											180											180											180											180											1											0											180			0		0			0																						0																																														
Recording065	ProVisioNET_study_110_02	Female	Novice	snapshop_A_nametag	16	snapshop_A_nametag	220	1382661	0	0	0	0	0	0	0	0	0	0	0	0	0	0	0	0	0	0	0	0	0	0	0	0	0	0	0	0	0	0	0	0	0	0	0	0	0	0	0	0	0	0	0	0	0	0	0	0																																																									220											220											220											220											1											0											220			Nametag_Anna	Nametag_Anna									0																																												0																																	220											220											220											220											1											0											220											220											220											220											220											1											0											220			0		0			0																						0																																														
Recording065	ProVisioNET_study_110_02	Female	Novice	snapshop_A_nametag	17	snapshop_A_nametag	120	1408745	0	0	0	0	0	0	0	0	0	0	0	0	0	0	0	0	0	0	0	0	0	0	0	0	0	0	0	0	0	0	0	0	0	0	0	0	0	0	0	0	0	0	0	0	0	0	0	0																																																									120											120											120											120											1											0											120			Nametag_Anna	Nametag_Anna									0																																												0																																	120											120											120											120											1											0											120											120											120											120											120											1											0											120			0		0			0																						0																																														
Recording065	ProVisioNET_study_110_02	Female	Novice	snapshop_A_nametag	18	snapshop_A_nametag	240	1470708	0	0	0	0	0	0	0	0	0	0	0	0	0	0	0	0	0	0	0	0	0	0	0	0	0	0	0	0	0	0	0	0	0	0	0	0	0	0	0	0	0	0	0	0	0	0	0	0																																																									240											240											240											240											1											0											240			Nametag_Anna	Nametag_Anna									0																																												0																																	240											240											240											240											1											0											240											240											240											240											240											1											0											240			0		0			0																						0																																														
Recording065	ProVisioNET_study_110_02	Female	Novice	snapshop_B_nametag	1	snapshop_B_nametag	919	566462	0	0	0	0	0	0	0	0	0	0	0	0	0	0	0	0	0	0	0	0	0	0	0	0	0	0	0	0	0	0	0	0	0	0	0	0	0	0	0	0	0	0	0	0	0	0	0	0																																																										400											200											200											200											2											0											200		Nametag_Bianca	Nametag_Bianca										0																																												0																																	919											919											919											919											1											0											919											919											919											919											919											1											0											919		0		0			0																							2																																													
Recording065	ProVisioNET_study_110_02	Female	Novice	snapshop_B_nametag	2	snapshop_B_nametag	160	743938	0	0	0	0	0	0	0	0	0	0	0	0	0	0	0	0	0	0	0	0	0	0	0	0	0	0	0	0	0	0	0	0	0	0	0	0	0	0	0	0	0	0	0	0	0	0	0	0																																																										160											160											160											160											1											0											160		Nametag_Bianca	Nametag_Bianca										0																																												0																																	160											160											160											160											1											0											160											160											160											160											160											1											0											160		0		0			0																							0																																													
Recording065	ProVisioNET_study_110_02	Female	Novice	snapshop_B_nametag	3	snapshop_B_nametag	280	838842	0	0	0	0	0	0	0	0	0	0	0	0	0	0	0	0	0	0	0	0	0	0	0	0	0	0	0	0	0	0	0	0	0	0	0	0	0	0	0	0	0	0	0	0	0	0	0	0																																																										280											280											280											280											1											0											280		Nametag_Bianca	Nametag_Bianca										0																																												0																																	280											280											280											280											1											0											280											280											280											280											280											1											0											280		0		0			0																							0																																													
Recording065	ProVisioNET_study_110_02	Female	Novice	snapshop_B_nametag	4	snapshop_B_nametag	320	876920	0	0	0	0	0	0	0	0	0	0	0	0	0	0	0	0	0	0	0	0	0	0	0	0	0	0	0	0	0	0	0	0	0	0	0	0	0	0	0	0	0	0	0	0	0	0	0	0																																																										320											320											320											320											1											0											320		Nametag_Bianca	Nametag_Bianca										0																																												0																																	320											320											320											320											1											0											320											320											320											320											320											1											0											320		0		0			0																							0																																													
Recording065	ProVisioNET_study_110_02	Female	Novice	snapshop_B_nametag	5	snapshop_B_nametag	4897	942841	0	0	0	0	0	0	0	0	0	0	0	0	0	0	0	0	0	0	0	0	0	0	0	0	0	0	0	0	0	0	0	0	0	0	0	0	0	0	0	0	0	0	0	0	0	0	0	0																																																										380											190											140											240											2											0											140		Nametag_Bianca	Nametag_Bianca										0																																												0																																	4897											4897											4897											4897											1											0											4897											4897											4897											4897											4897											1											0											4897		0		0			0																							6																																													
Recording065	ProVisioNET_study_110_02	Female	Novice	snapshop_B_nametag	6	snapshop_B_nametag	100	962929	0	0	0	0	0	0	0	0	0	0	0	0	0	0	0	0	0	0	0	0	0	0	0	0	0	0	0	0	0	0	0	0	0	0	0	0	0	0	0	0	0	0	0	0	0	0	0	0																																																										100											100											100											100											1											0											100		Nametag_Bianca	Nametag_Bianca										0																																												0																																	100											100											100											100											1											0											100											100											100											100											100											1											0											100		0		0			0																							0																																													
Recording065	ProVisioNET_study_110_02	Female	Novice	snapshop_B_nametag	7	snapshop_B_nametag	160	990673	0	0	0	0	0	0	0	0	0	0	0	0	0	0	0	0	0	0	0	0	0	0	0	0	0	0	0	0	0	0	0	0	0	0	0	0	0	0	0	0	0	0	0	0	0	0	0	0																																																										160											160											160											160											1											0											160		Nametag_Bianca	Nametag_Bianca										0																																												0																																	160											160											160											160											1											0											160											160											160											160											160											1											0											160		0		0			0																							0																																													
Recording065	ProVisioNET_study_110_02	Female	Novice	snapshop_B_nametag	8	snapshop_B_nametag	120	996749	0	0	0	0	0	0	0	0	0	0	0	0	0	0	0	0	0	0	0	0	0	0	0	0	0	0	0	0	0	0	0	0	0	0	0	0	0	0	0	0	0	0	0	0	0	0	0	0																																																										120											120											120											120											1											0											120		Nametag_Bianca	Nametag_Bianca										0																																												0																																	120											120											120											120											1											0											120											120											120											120											120											1											0											120		0		0			0																							0																																													
Recording065	ProVisioNET_study_110_02	Female	Novice	snapshop_B_nametag	9	snapshop_B_nametag	240	1046819	0	0	0	0	0	0	0	0	0	0	0	0	0	0	0	0	0	0	0	0	0	0	0	0	0	0	0	0	0	0	0	0	0	0	0	0	0	0	0	0	0	0	0	0	0	0	0	0																																																										240											240											240											240											1											0											240		Nametag_Bianca	Nametag_Bianca										0																																												0																																	240											240											240											240											1											0											240											240											240											240											240											1											0											240		0		0			0																							0																																													
Recording065	ProVisioNET_study_110_02	Female	Novice	snapshop_B_nametag	10	snapshop_B_nametag	260	1164190	0	0	0	0	0	0	0	0	0	0	0	0	0	0	0	0	0	0	0	0	0	0	0	0	0	0	0	0	0	0	0	0	0	0	0	0	0	0	0	0	0	0	0	0	0	0	0	0																																																										260											260											260											260											1											0											260		Nametag_Bianca	Nametag_Bianca										0																																												0																																	260											260											260											260											1											0											260											260											260											260											260											1											0											260		0		0			0																							0																																													
Recording065	ProVisioNET_study_110_02	Female	Novice	snapshop_B_nametag	11	snapshop_B_nametag	160	1199129	0	0	0	0	0	0	0	0	0	0	0	0	0	0	0	0	0	0	0	0	0	0	0	0	0	0	0	0	0	0	0	0	0	0	0	0	0	0	0	0	0	0	0	0	0	0	0	0																																																										160											160											160											160											1											0											160		Nametag_Bianca	Nametag_Bianca										0																																												0																																	160											160											160											160											1											0											160											160											160											160											160											1											0											160		0		0			0																							0																																													
Recording065	ProVisioNET_study_110_02	Female	Novice	snapshop_B_nametag	12	snapshop_B_nametag	180	1229212	0	0	0	0	0	0	0	0	0	0	0	0	0	0	0	0	0	0	0	0	0	0	0	0	0	0	0	0	0	0	0	0	0	0	0	0	0	0	0	0	0	0	0	0	0	0	0	0																																																										180											180											180											180											1											0											180		Nametag_Bianca	Nametag_Bianca										0																																												0																																	180											180											180											180											1											0											180											180											180											180											180											1											0											180		0		0			0																							0																																													
Recording065	ProVisioNET_study_110_02	Female	Novice	snapshop_B_nametag	13	snapshop_B_nametag	180	1354737	0	0	0	0	0	0	0	0	0	0	0	0	0	0	0	0	0	0	0	0	0	0	0	0	0	0	0	0	0	0	0	0	0	0	0	0	0	0	0	0	0	0	0	0	0	0	0	0																																																										180											180											180											180											1											0											180		Nametag_Bianca	Nametag_Bianca										0																																												0																																	180											180											180											180											1											0											180											180											180											180											180											1											0											180		0		0			0																							0																																													
Recording065	ProVisioNET_study_110_02	Female	Novice	snapshop_B_nametag	14	snapshop_B_nametag	160	1383320	0	0	0	0	0	0	0	0	0	0	0	0	0	0	0	0	0	0	0	0	0	0	0	0	0	0	0	0	0	0	0	0	0	0	0	0	0	0	0	0	0	0	0	0	0	0	0	0																																																										160											160											160											160											1											0											160		Nametag_Bianca	Nametag_Bianca										0																																												0																																	160											160											160											160											1											0											160											160											160											160											160											1											0											160		0		0			0																							0																																													
Recording065	ProVisioNET_study_110_02	Female	Novice	snapshop_B_nametag	15	snapshop_B_nametag	180	1474386	0	0	0	0	0	0	0	0	0	0	0	0	0	0	0	0	0	0	0	0	0	0	0	0	0	0	0	0	0	0	0	0	0	0	0	0	0	0	0	0	0	0	0	0	0	0	0	0																																																										180											180											180											180											1											0											180		Nametag_Bianca	Nametag_Bianca										0																																												0																																	180											180											180											180											1											0											180											180											180											180											180											1											0											180		0		0			0																							0																																													
Recording065	ProVisioNET_study_110_02	Female	Novice	snapshop_board_screen	1	snapshop_board_screen	160	526705	0	0	0	0	0	0	0	0	0	0	0	0	0	0	0	0	0	0	0	0	0	0	0	0	0	0	0	0	0	0	0	0	0	0	0	0	0	0	0	0	0	0	0	0	0	0	0	0																																																			140											140											140											140											1											0											140									Board_Screen				0																																												0																																	160											160											160											160											1											0											160											160											160											160											160											1											0											160									0		0			0																0																																																				
Recording065	ProVisioNET_study_110_02	Female	Novice	snapshop_board_screen	2	snapshop_board_screen	5517	589648	0	0	0	0	0	0	0	0	0	0	0	0	0	0	0	0	0	0	0	0	0	0	0	0	0	0	0	0	0	0	0	0	0	0	0	0	0	0	0	0	0	0	0	0	0	0	0	0																																																			2319											178											100											280											13											140											280									Board_Screen	Board_Screen			0																																												0																																	5517											5517											5517											5517											1											0											5517											5517											5517											5517											5517											1											0											5517									0		0			0																15																																																				
Recording065	ProVisioNET_study_110_02	Female	Novice	snapshop_board_screen	3	snapshop_board_screen	1399	600502	0	0	0	0	0	0	0	0	0	0	0	0	0	0	0	0	0	0	0	0	0	0	0	0	0	0	0	0	0	0	0	0	0	0	0	0	0	0	0	0	0	0	0	0	0	0	0	0																																																			899											225											200											260											4											0											220									Board_Screen	Board_Screen			0																																												0																																	1399											1399											1399											1399											1											0											1399											1399											1399											1399											1399											1											0											1399									0		0			0																3																																																				
Recording065	ProVisioNET_study_110_02	Female	Novice	snapshop_board_screen	4	snapshop_board_screen	3098	609157	0	0	0	0	0	0	0	0	0	0	0	0	0	0	0	0	0	0	0	0	0	0	0	0	0	0	0	0	0	0	0	0	0	0	0	0	0	0	0	0	0	0	0	0	0	0	0	0																																																			2559											233											80											480											11											0											120									Board_Screen	Board_Screen			0																																												0																																	3098											3098											3098											3098											1											0											3098											3098											3098											3098											3098											1											0											3098									0		0			0																8																																																				
Recording065	ProVisioNET_study_110_02	Female	Novice	snapshop_board_screen	5	snapshop_board_screen	1779	620810	0	0	0	0	0	0	0	0	0	0	0	0	0	0	0	0	0	0	0	0	0	0	0	0	0	0	0	0	0	0	0	0	0	0	0	0	0	0	0	0	0	0	0	0	0	0	0	0																																																			1619											231											80											380											7											0											80									Board_Screen	Board_Screen			0																																												0																																	1779											1779											1779											1779											1											0											1779											1779											1779											1779											1779											1											0											1779									0		0			0																6																																																				
Recording065	ProVisioNET_study_110_02	Female	Novice	snapshop_board_screen	6	snapshop_board_screen	740	632243	0	0	0	0	0	0	0	0	0	0	0	0	0	0	0	0	0	0	0	0	0	0	0	0	0	0	0	0	0	0	0	0	0	0	0	0	0	0	0	0	0	0	0	0	0	0	0	0																																																			380											95											80											120											4											0											120									Board_Screen	Board_Screen			0																																												0																																	740											740											740											740											1											0											740											740											740											740											740											1											0											740									0		0			0																2																																																				
Recording065	ProVisioNET_study_110_02	Female	Novice	snapshop_board_screen	7	snapshop_board_screen	700	639839	0	0	0	0	0	0	0	0	0	0	0	0	0	0	0	0	0	0	0	0	0	0	0	0	0	0	0	0	0	0	0	0	0	0	0	0	0	0	0	0	0	0	0	0	0	0	0	0																																																			640											160											80											240											4											0											80									Board_Screen	Board_Screen			0																																												0																																	700											700											700											700											1											0											700											700											700											700											700											1											0											700									0		0			0																3																																																				
Recording065	ProVisioNET_study_110_02	Female	Novice	snapshop_board_screen	8	snapshop_board_screen	11633	646515	0	0	0	0	0	0	0	0	0	0	0	0	0	0	0	0	0	0	0	0	0	0	0	0	0	0	0	0	0	0	0	0	0	0	0	0	0	0	0	0	0	0	0	0	0	0	0	0																																																			7296											663											80											1519											11											140											160									Board_Screen	Board_Screen			0																																												0																																	11633											11633											11633											11633											1											0											11633											11633											11633											11633											11633											1											0											11633									0		0			0																10																																																				
Recording065	ProVisioNET_study_110_02	Female	Novice	snapshop_board_screen	9	snapshop_board_screen	12653	668022	0	0	0	0	0	0	0	0	0	0	0	0	0	0	0	0	0	0	0	0	0	0	0	0	0	0	0	0	0	0	0	0	0	0	0	0	0	0	0	0	0	0	0	0	0	0	0	0																																																			7136											285											100											939											25											0											180									Board_Screen	Board_Screen			0																																												0																																	12653											12653											12653											12653											1											0											12653											12653											12653											12653											12653											1											0											12653									0		0			0																21																																																				
Recording065	ProVisioNET_study_110_02	Female	Novice	snapshop_board_screen	10	snapshop_board_screen	4917	690569	0	0	0	0	0	0	0	0	0	0	0	0	0	0	0	0	0	0	0	0	0	0	0	1	0	0	0	0	0	0	0	0	0	0	0	0	0	0	1	0	0	0	0	0	0	0	0	0																								2464															3170												919											230											100											400											4											0											300									Board_Screen	Board_Screen			0																																												0																																	4917											4917											4917											4917											1											0											4917											4917											4917											4917											4917											1											0											4917									0		0			0																4																																																				
Recording065	ProVisioNET_study_110_02	Female	Novice	snapshop_board_screen	11	snapshop_board_screen	1439	707139	0	0	0	0	0	0	0	0	0	0	0	0	0	0	0	0	0	0	0	0	0	0	0	0	0	0	0	0	0	0	0	0	0	0	0	0	0	0	0	0	0	0	0	0	0	0	0	0																																																			1219											203											160											300											6											0											160									Board_Screen	Board_Screen			0																																												0																																	1439											1439											1439											1439											1											0											1439											1439											1439											1439											1439											1											0											1439									0		0			0																5																																																				
Recording065	ProVisioNET_study_110_02	Female	Novice	snapshop_board_screen	12	snapshop_board_screen	500	717833	0	0	0	0	0	0	0	0	0	0	0	0	0	0	0	0	0	0	0	0	0	0	0	0	0	0	0	0	0	0	0	0	0	0	0	0	0	0	0	0	0	0	0	0	0	0	0	0																																																			500											500											500											500											1											0											500									Board_Screen	Board_Screen			0																																												0																																	500											500											500											500											1											0											500											500											500											500											500											1											0											500									0		0			0																0																																																				
Recording065	ProVisioNET_study_110_02	Female	Novice	snapshop_board_screen	13	snapshop_board_screen	1679	723650	0	0	0	0	0	0	0	0	0	0	0	0	0	0	0	0	0	0	0	0	0	0	0	0	0	0	0	0	0	0	0	0	0	0	0	0	0	0	0	0	0	0	0	0	0	0	0	0																																																			1599											533											200											919											3											0											480									Board_Screen	Board_Screen			0																																												0																																	1679											1679											1679											1679											1											0											1679											1679											1679											1679											1679											1											0											1679									0		0			0																2																																																				
Recording065	ProVisioNET_study_110_02	Female	Novice	snapshop_board_screen	14	snapshop_board_screen	5977	737381	0	0	0	0	0	0	0	0	0	0	0	0	0	0	0	0	0	0	0	0	0	0	0	0	0	0	0	0	0	0	0	0	0	0	0	0	0	0	0	0	0	0	0	0	0	0	0	0																																																			3078											342											100											1099											9											0											140									Board_Screen	Board_Screen			0																																												0																																	5977											5977											5977											5977											1											0											5977											5977											5977											5977											5977											1											0											5977									0		0			0																10																																																				
Recording065	ProVisioNET_study_110_02	Female	Novice	snapshop_board_screen	15	snapshop_board_screen	28183	749215	0	0	0	0	0	0	0	0	0	0	0	0	0	0	0	0	0	0	0	0	0	0	0	0	0	0	0	0	0	0	0	0	0	0	0	0	0	0	0	0	0	0	0	0	0	0	0	0																																																			12992											481											80											2179											27											0											480									Board_Screen	Board_Screen			0																																												0																																	28183											28183											28183											28183											1											0											28183											28183											28183											28183											28183											1											0											28183									0		0			0																25																																																				
Recording065	ProVisioNET_study_110_02	Female	Novice	snapshop_board_screen	16	snapshop_board_screen	24406	791030	0	0	0	0	0	0	0	0	0	0	0	0	0	0	0	0	0	0	0	0	0	0	0	0	0	0	0	0	0	0	0	0	0	0	0	0	0	0	0	0	0	0	1	0	0	0	0	0																																											19315								12173											435											80											2658											28											0											1579									Board_Screen	Board_Screen			0																																												0																																	24406											24406											24406											24406											1											0											24406											24406											24406											24406											24406											1											0											24406									0		0			0																31																																																				
Recording065	ProVisioNET_study_110_02	Female	Novice	snapshop_board_screen	17	snapshop_board_screen	660	823291	0	0	0	0	0	0	0	0	0	0	0	0	0	0	0	0	0	0	0	0	0	0	0	0	0	0	0	0	0	0	0	0	0	0	0	0	0	0	0	0	0	0	0	0	0	0	0	0																																																			520											260											200											320											2											40											200									Board_Screen				0																																												0																																	660											660											660											660											1											0											660											660											660											660											660											1											0											660									0		0			0																0																																																				
Recording065	ProVisioNET_study_110_02	Female	Novice	snapshop_board_screen	18	snapshop_board_screen	16890	829128	0	0	0	0	0	0	0	0	0	0	0	0	0	0	0	0	0	0	0	0	0	0	0	0	0	0	0	0	0	0	0	0	0	0	0	0	0	0	0	0	0	0	0	0	0	0	0	0																																																			6396											355											100											1099											18											0											240									Board_Screen	Board_Screen			0																																												0																																	16890											16890											16890											16890											1											0											16890											16890											16890											16890											16890											1											0											16890									0		0			0																25																																																				
Recording065	ProVisioNET_study_110_02	Female	Novice	snapshop_board_screen	19	snapshop_board_screen	1919	853154	0	0	0	0	0	0	0	0	0	0	0	0	0	0	0	0	0	0	0	0	0	0	0	0	0	0	0	0	0	0	0	0	0	0	0	0	0	0	0	0	0	0	0	0	0	0	0	0																																																			819											273											160											420											3											0											420									Board_Screen	Board_Screen			0																																												0																																	1919											1919											1919											1919											1											0											1919											1919											1919											1919											1919											1											0											1919									0		0			0																3																																																				
Recording065	ProVisioNET_study_110_02	Female	Novice	snapshop_board_screen	20	snapshop_board_screen	9434	860829	0	0	0	0	0	0	0	0	0	0	0	0	0	0	0	0	0	0	0	0	0	0	0	0	0	0	0	0	0	0	0	0	0	0	0	0	0	0	0	0	0	0	0	0	0	0	0	0																																																			4517											645											80											2658											7											120											100									Board_Screen	Board_Screen			0																																												0																																	9434											9434											9434											9434											1											0											9434											9434											9434											9434											9434											1											0											9434									0		0			0																14																																																				
Recording065	ProVisioNET_study_110_02	Female	Novice	snapshop_board_screen	21	snapshop_board_screen	11553	887473	0	0	0	0	0	0	0	0	0	0	0	0	0	0	0	0	0	0	0	0	0	0	0	0	0	0	0	0	0	0	0	0	0	0	0	0	0	0	0	0	0	0	0	0	0	0	0	0																																																			3158											316											80											720											10											0											220									Board_Screen				0																																												0																																	11553											11553											11553											11553											1											0											11553											11553											11553											11553											11553											1											0											11553									0		0			0																8																																																				
Recording065	ProVisioNET_study_110_02	Female	Novice	snapshop_board_screen	22	snapshop_board_screen	7755	904863	0	0	0	0	0	0	0	0	0	0	0	0	0	0	0	0	0	0	0	0	0	0	0	0	0	0	0	0	0	0	0	0	0	0	0	0	0	0	0	0	0	0	0	0	0	0	0	0																																																			3658											406											120											1359											9											0											240									Board_Screen	Board_Screen			0																																												0																																	7755											7755											7755											7755											1											0											7755											7755											7755											7755											7755											1											0											7755									0		0			0																6																																																				
Recording065	ProVisioNET_study_110_02	Female	Novice	snapshop_board_screen	23	snapshop_board_screen	19069	923072	0	0	0	0	0	0	0	0	0	0	0	0	0	0	0	0	0	0	0	0	0	0	0	0	0	0	0	0	0	0	0	0	0	0	0	0	0	0	0	0	0	0	0	0	0	0	0	0																																																			8015											617											80											4617											13											0											140									Board_Screen	Board_Screen			0																																												0																																	19069											19069											19069											19069											1											0											19069											19069											19069											19069											19069											1											0											19069									0		0			0																24																																																				
Recording065	ProVisioNET_study_110_02	Female	Novice	snapshop_board_screen	24	snapshop_board_screen	7835	951536	0	0	0	0	0	0	0	0	0	0	0	0	0	0	0	0	0	0	0	0	0	0	0	0	0	0	0	0	0	0	0	0	0	0	0	0	0	0	0	0	0	0	0	0	0	0	0	0																																																			3278											546											100											1619											6											40											180									Board_Screen	Board_Screen			0																																												0																																	7835											7835											7835											7835											1											0											7835											7835											7835											7835											7835											1											0											7835									0		0			0																9																																																				
Recording065	ProVisioNET_study_110_02	Female	Novice	snapshop_board_screen	25	snapshop_board_screen	16430	965367	0	0	0	0	0	0	0	0	0	0	0	0	0	0	0	0	0	0	0	0	0	0	0	0	0	0	0	0	0	0	0	0	0	0	0	0	0	0	0	0	0	0	0	0	0	0	0	0																																																			10014											371											100											999											27											0											500									Board_Screen				0																																												0																																	16430											16430											16430											16430											1											0											16430											16430											16430											16430											16430											1											0											16430									0		0			0																22																																																				
<<<<<<< Updated upstream
Recording065	ProVisioNET_study_110_02	Female	Novice	snapshop_board_screen	26	snapshop_board_screen	10954	987954	0	0	0	0	0	0	0	0	0	0	0	0	0	0	0	0	0	0	0	1	1	0	0	0	0	0	0	0	0	0	0	0	0	0	0	0	0	0	0	0	0	0	0	0	0	0	0	0																				3538	3538																														4217											469											80											1319											9											0											520									Board_Screen	Board_Screen			0																																												0																																	10954											10954											10954											10954											1											0											10954											10954											10954											10954											10954											1											0											10954									0		0			0																16																																																				
=======
Recording065	ProVisioNET_study_110_02	Female	Novice	snapshop_board_screen	26	snapshop_board_screen	10954	987954	0	0	0	0	0	0	0	0	0	0	0	0	0	0	0	0	0	0	0	0	1	0	0	0	0	0	0	0	0	0	0	0	0	0	0	0	0	0	0	0	0	0	0	0	0	0	0	0																					3538																														4217											469											80											1319											9											0											520									Board_Screen	Board_Screen			0																																												0																																	10954											10954											10954											10954											1											0											10954											10954											10954											10954											10954											1											0											10954									0		0			0																16																																																				
>>>>>>> Stashed changes
Recording065	ProVisioNET_study_110_02	Female	Novice	snapshop_board_screen	27	snapshop_board_screen	21108	1005024	0	0	0	0	0	0	0	0	0	0	0	0	0	0	0	0	0	0	0	0	0	0	0	0	0	0	0	0	0	0	0	0	0	0	0	0	0	0	0	0	0	0	0	0	0	0	0	0																																																			11573											463											80											2738											25											0											240									Board_Screen	Board_Screen			0																																												0																																	21108											21108											21108											21108											1											0											21108											21108											21108											21108											21108											1											0											21108									0		0			0																32																																																				
Recording065	ProVisioNET_study_110_02	Female	Novice	snapshop_board_screen	28	snapshop_board_screen	11313	1032008	0	0	0	0	0	0	0	0	0	0	0	0	0	0	0	0	0	0	0	0	0	0	0	0	0	0	0	0	0	0	0	0	0	0	0	0	0	0	0	0	0	0	0	0	0	0	0	0																																																			5477											288											120											620											19											0											140									Board_Screen	Board_Screen			0																																												0																																	11313											11313											11313											11313											1											0											11313											11313											11313											11313											11313											1											0											11313									0		0			0																24																																																				
Recording065	ProVisioNET_study_110_02	Female	Novice	snapshop_board_screen	29	snapshop_board_screen	8155	1049318	0	0	0	0	0	0	0	0	0	0	0	0	0	0	0	1	0	0	0	0	0	0	0	0	0	0	0	0	0	0	0	0	0	0	0	0	0	0	0	0	0	0	0	0	0	0	0	0																1488																																			3778											291											100											680											13											0											120									Board_Screen	Board_Screen			0																																												0																																	8155											8155											8155											8155											1											0											8155											8155											8155											8155											8155											1											0											8155									0		0			0																11																																																				
Recording065	ProVisioNET_study_110_02	Female	Novice	snapshop_board_screen	30	snapshop_board_screen	760	1062990	0	0	0	0	0	0	0	0	0	0	0	0	0	0	0	0	0	0	0	0	0	0	0	0	0	0	0	0	0	0	0	0	0	0	0	0	0	0	0	0	0	0	0	0	0	0	0	0																																																			760											760											760											760											1											0											760									Board_Screen	Board_Screen			0																																												0																																	760											760											760											760											1											0											760											760											760											760											760											1											0											760									0		0			0																0																																																				
Recording065	ProVisioNET_study_110_02	Female	Novice	snapshop_board_screen	31	snapshop_board_screen	1999	1078281	0	0	0	0	0	0	0	0	0	0	0	0	0	0	0	0	0	0	0	0	0	0	0	0	0	0	0	0	0	0	0	0	0	0	0	0	0	0	0	0	0	0	0	0	0	0	0	0																																																			1099											220											120											320											5											0											120									Board_Screen	Board_Screen			0																																												0																																	1999											1999											1999											1999											1											0											1999											1999											1999											1999											1999											1											0											1999									0		0			0																3																																																				
Recording065	ProVisioNET_study_110_02	Female	Novice	snapshop_board_screen	32	snapshop_board_screen	240	1104465	0	0	0	0	0	0	0	0	0	0	0	0	0	0	0	0	0	0	0	0	0	0	0	0	0	0	0	0	0	0	0	0	0	0	0	0	0	0	0	0	0	0	0	0	0	0	0	0																																																			120											120											120											120											1											120											120									Board_Screen	Board_Screen			0																																												0																																	240											240											240											240											1											0											240											240											240											240											240											1											0											240									0		0			0																1																																																				
Recording065	ProVisioNET_study_110_02	Female	Novice	snapshop_board_screen	33	snapshop_board_screen	5177	1134388	0	0	0	0	0	0	0	0	0	0	0	0	0	0	0	0	0	0	0	0	0	0	0	0	0	0	0	0	0	0	0	0	0	0	0	0	0	0	0	0	0	0	0	0	0	0	0	0																																																			1279											183											80											340											7											0											80									Board_Screen	Board_Screen			0																																												0																																	5177											5177											5177											5177											1											0											5177											5177											5177											5177											5177											1											0											5177									0		0			0																4																																																				
Recording065	ProVisioNET_study_110_02	Female	Novice	snapshop_board_screen	34	snapshop_board_screen	580	1152977	0	0	0	0	0	0	0	0	0	0	0	0	0	0	0	0	0	0	0	0	0	0	0	0	0	0	0	0	0	0	0	0	0	0	0	0	0	0	0	0	0	0	0	0	0	0	0	0																																																			400											133											100											160											3											0											100									Board_Screen	Board_Screen			0																																												0																																	580											580											580											580											1											0											580											580											580											580											580											1											0											580									0		0			0																1																																																				
Recording065	ProVisioNET_study_110_02	Female	Novice	snapshop_board_screen	35	snapshop_board_screen	2239	1161552	0	0	0	0	0	0	0	0	0	0	0	0	0	0	0	0	0	0	0	0	0	0	0	0	0	0	0	0	0	0	0	0	0	0	0	0	0	0	0	0	0	0	0	0	0	0	0	0																																																			1919											274											120											640											7											0											220									Board_Screen	Board_Screen			0																																												0																																	2239											2239											2239											2239											1											0											2239											2239											2239											2239											2239											1											0											2239									0		0			0																5																																																				
Recording065	ProVisioNET_study_110_02	Female	Novice	snapshop_board_screen	36	snapshop_board_screen	15971	1169107	0	0	0	0	0	0	0	0	0	0	0	0	0	0	0	0	1	0	0	0	0	0	0	0	0	0	0	0	0	0	0	0	0	0	0	0	0	0	0	0	0	0	0	0	0	0	0	0																	1692																																		10374											247											100											540											42											0											120									Board_Screen	Board_Screen			0																																												0																																	15971											15971											15971											15971											1											0											15971											15971											15971											15971											15971											1											0											15971									0		0			0																30																																																				
Recording065	ProVisioNET_study_110_02	Female	Novice	snapshop_board_screen	37	snapshop_board_screen	660	1194972	0	0	0	0	0	0	0	0	0	0	0	0	0	0	0	0	0	0	0	0	0	0	0	0	0	0	0	0	0	0	0	0	0	0	0	0	0	0	0	0	0	0	0	0	0	0	0	0																																																			620											207											100											320											3											0											320									Board_Screen	Board_Screen			0																																												0																																	660											660											660											660											1											0											660											660											660											660											660											1											0											660									0		0			0																2																																																				
Recording065	ProVisioNET_study_110_02	Female	Novice	snapshop_board_screen	38	snapshop_board_screen	1459	1201548	0	0	0	0	0	0	0	0	0	0	0	0	0	0	0	0	0	0	0	0	0	0	0	0	0	0	0	0	0	0	0	0	0	0	0	0	0	0	0	0	0	0	0	0	0	0	0	0																																																			1219											152											80											260											8											0											80									Board_Screen	Board_Screen			0																																												0																																	1459											1459											1459											1459											1											0											1459											1459											1459											1459											1459											1											0											1459									0		0			0																7																																																				
Recording065	ProVisioNET_study_110_02	Female	Novice	snapshop_board_screen	39	snapshop_board_screen	8895	1216359	0	0	0	0	0	0	0	0	0	0	0	0	0	0	0	0	0	0	0	0	0	0	0	0	0	0	0	0	0	0	0	0	0	0	0	0	0	0	0	0	0	0	0	0	0	0	0	0																																																			6756											397											80											1699											17											0											80									Board_Screen	Board_Screen			0																																												0																																	8895											8895											8895											8895											1											0											8895											8895											8895											8895											8895											1											0											8895									0		0			0																15																																																				
Recording065	ProVisioNET_study_110_02	Female	Novice	snapshop_board_screen	40	snapshop_board_screen	3158	1232570	0	0	0	0	0	0	0	0	0	0	0	0	0	0	0	0	0	0	0	0	0	0	0	0	0	0	0	0	0	0	0	0	0	0	0	0	0	0	0	0	0	0	0	0	0	0	0	0																																																			2459											2459											2459											2459											1											700											2459									Board_Screen	Board_Screen			0																																												0																																	3158											3158											3158											3158											1											0											3158											3158											3158											3158											3158											1											0											3158									0		0			0																0																																																				
Recording065	ProVisioNET_study_110_02	Female	Novice	snapshop_board_screen	41	snapshop_board_screen	39317	1242324	0	0	0	0	0	0	0	0	0	0	0	0	0	0	0	0	0	0	0	0	0	0	0	0	0	0	0	0	0	0	1	0	0	0	0	0	0	0	0	0	0	0	0	0	0	0	0	0																															19818																				23806											794											80											5857											30											0											80									Board_Screen	Board_Screen			0																																												0																																	39317											39317											39317											39317											1											0											39317											39317											39317											39317											39317											1											0											39317									0		0			0																27																																																				
Recording065	ProVisioNET_study_110_02	Female	Novice	snapshop_board_screen	42	snapshop_board_screen	27024	1296772	0	0	0	0	0	0	0	0	0	0	0	0	1	0	0	0	0	0	0	0	0	0	0	0	0	0	0	0	0	0	0	0	0	0	0	0	0	0	0	0	0	0	0	0	0	0	0	0													24779																																						18169											826											100											6916											22											0											919									Board_Screen	Board_Screen			0																																												0																																	27024											27024											27024											27024											1											0											27024											27024											27024											27024											27024											1											0											27024									0		0			0																16																																																				
Recording065	ProVisioNET_study_110_02	Female	Novice	snapshop_board_screen	43	snapshop_board_screen	19968	1330092	0	0	0	0	0	0	0	0	0	0	0	0	0	0	0	0	0	0	0	0	0	0	0	0	0	0	0	0	0	0	0	0	0	0	0	0	0	0	0	0	0	0	0	0	0	0	0	0																																																			11793											407											80											1539											29											0											240									Board_Screen	Board_Screen			0																																												0																																	19968											19968											19968											19968											1											0											19968											19968											19968											19968											19968											1											0											19968									0		0			0																26																																																				
Recording065	ProVisioNET_study_110_02	Female	Novice	snapshop_board_screen	44	snapshop_board_screen	38397	1356776	0	0	0	0	0	0	0	0	0	0	0	0	0	0	0	0	0	0	0	0	0	0	0	0	0	0	0	0	0	0	0	0	0	0	0	0	0	0	0	0	0	0	0	0	0	0	0	0																																																			23126											492											80											3478											47											0											100									Board_Screen	Board_Screen			0																																												0																																	38397											38397											38397											38397											1											0											38397											38397											38397											38397											38397											1											0											38397									0		0			0																48																																																				
Recording065	ProVisioNET_study_110_02	Female	Novice	snapshop_board_screen	45	snapshop_board_screen	1279	1400230	0	0	0	0	0	0	0	0	0	0	0	0	0	0	0	0	0	0	0	0	0	0	0	0	0	0	0	0	0	0	0	0	0	0	0	0	0	0	0	0	0	0	0	0	0	0	0	0																																																			1219											406											200											580											3											0											200									Board_Screen	Board_Screen			0																																												0																																	1279											1279											1279											1279											1											0											1279											1279											1279											1279											1279											1											0											1279									0		0			0																2																																																				
Recording065	ProVisioNET_study_110_02	Female	Novice	snapshop_board_screen	46	snapshop_board_screen	760	1410024	0	0	0	0	0	0	0	0	0	0	0	0	0	0	0	0	0	0	0	0	0	0	0	0	0	0	0	0	0	0	0	0	0	0	0	0	0	0	0	0	0	0	0	0	0	0	0	0																																																			700											233											80											500											3											0											80									Board_Screen	Board_Screen			0																																												0																																	760											760											760											760											1											0											760											760											760											760											760											1											0											760									0		0			0																2																																																				
Recording065	ProVisioNET_study_110_02	Female	Novice	snapshop_board_screen	47	snapshop_board_screen	1059	1424116	0	0	0	0	0	0	0	0	0	0	0	0	0	0	0	0	0	0	0	0	0	0	0	0	0	0	0	0	0	0	0	0	0	0	0	0	0	0	0	0	0	0	0	0	0	0	0	0																																																			899											180											120											360											5											0											360									Board_Screen	Board_Screen			0																																												0																																	1059											1059											1059											1059											1											0											1059											1059											1059											1059											1059											1											0											1059									0		0			0																4																																																				
Recording065	ProVisioNET_study_110_02	Female	Novice	snapshop_board_screen	48	snapshop_board_screen	2199	1431871	0	0	0	0	0	0	0	0	0	0	0	0	0	0	0	0	0	0	0	0	0	0	0	0	0	0	0	0	0	0	0	0	0	0	0	0	0	0	0	0	0	0	0	0	0	0	0	0																																																			1059											265											140											420											4											0											140									Board_Screen	Board_Screen			0																																												0																																	2199											2199											2199											2199											1											0											2199											2199											2199											2199											2199											1											0											2199									0		0			0																1																																																				
Recording065	ProVisioNET_study_110_02	Female	Novice	snapshop_board_screen	49	snapshop_board_screen	11533	1439587	0	0	0	0	0	0	0	1	0	0	0	0	0	0	0	0	0	0	0	0	0	0	0	0	0	0	0	0	0	0	0	0	0	0	0	0	0	0	0	0	0	0	0	0	0	0	0	0								1717																																											5037											315											80											1059											16											0											160									Board_Screen	Board_Screen			0																																												0																																	11533											11533											11533											11533											1											0											11533											11533											11533											11533											11533											1											0											11533									0		0			0																10																																																				
Recording065	ProVisioNET_study_110_02	Female	Novice	snapshop_board_screen	50	snapshop_board_screen	16570	1456597	0	0	0	0	0	0	0	0	0	0	0	0	0	0	0	0	0	0	0	0	0	0	0	0	0	0	0	0	0	0	0	0	0	0	0	0	0	0	0	0	0	0	0	0	0	0	0	0																																																			10494											456											80											4178											23											0											160									Board_Screen	Board_Screen			0																																												0																																	16570											16570											16570											16570											1											0											16570											16570											16570											16570											16570											1											0											16570									0		0			0																20																																																				
Recording065	ProVisioNET_study_110_02	Female	Novice	snapshop_board_screen	51	snapshop_board_screen	14291	1478224	0	0	0	0	0	0	0	0	0	0	0	0	0	0	0	0	0	0	0	0	0	0	0	0	0	0	0	0	0	0	0	0	0	0	0	0	0	0	0	0	0	0	0	0	0	0	0	0																																																			4637											290											80											1399											16											0											240									Board_Screen	Board_Screen			0																																												0																																	14291											14291											14291											14291											1											0											14291											14291											14291											14291											14291											1											0											14291									0		0			0																12																																																				
Recording065	ProVisioNET_study_110_02	Female	Novice	snapshop_board_screen	52	snapshop_board_screen	3858	1498132	0	0	0	0	0	0	0	0	0	0	0	0	0	0	0	0	0	0	0	0	0	0	0	0	0	0	0	0	0	0	0	0	0	0	0	0	0	0	0	0	0	0	0	0	0	0	0	0																																																			1179											197											80											300											6											40											140									Board_Screen	Board_Screen			0																																												0																																	3858											3858											3858											3858											1											0											3858											3858											3858											3858											3858											1											0											3858									0		0			0																3																																																				
Recording065	ProVisioNET_study_110_02	Female	Novice	snapshop_board_screen	53	snapshop_board_screen	2878	1508346	0	0	0	0	0	0	0	0	0	0	0	0	0	0	0	0	0	0	0	0	0	0	0	0	0	0	0	0	0	0	0	0	0	0	0	0	0	0	0	0	0	0	0	0	0	0	0	0																																																			919											306											140											460											3											0											140									Board_Screen	Board_Screen			0																																												0																																	2878											2878											2878											2878											1											0											2878											2878											2878											2878											2878											1											0											2878									0		0			0																5																																																				
Recording065	ProVisioNET_study_110_02	Female	Novice	snapshop_board_screen	54	snapshop_board_screen	1619	1517820	0	0	0	0	0	0	0	0	0	0	0	0	0	0	0	0	0	0	0	0	0	0	0	0	0	0	0	0	0	0	0	0	0	0	0	0	0	0	0	0	0	0	0	0	0	0	0	0																																																			1519											380											120											1039											4											0											120									Board_Screen	Board_Screen			0																																												0																																	1619											1619											1619											1619											1											0											1619											1619											1619											1619											1619											1											0											1619									0		0			0																2																																																				
Recording065	ProVisioNET_study_110_02	Female	Novice	snapshop_board_screen	55	snapshop_board_screen	700	1534471	0	0	0	0	0	0	0	0	0	0	0	0	0	0	0	0	0	0	0	0	0	0	0	0	0	0	0	0	0	0	0	0	0	0	0	0	0	0	0	0	0	0	0	0	0	0	0	0																																																			600											200											120											340											3											0											340									Board_Screen	Board_Screen			0																																												0																																	700											700											700											700											1											0											700											700											700											700											700											1											0											700									0		0			0																1																																																				
Recording065	ProVisioNET_study_110_02	Female	Novice	snapshop_board_screen	56	snapshop_board_screen	5956	1548742	0	0	0	0	0	0	0	0	0	0	0	0	0	0	0	0	0	0	0	0	0	0	0	0	0	0	0	0	0	0	0	0	0	0	0	0	0	0	0	0	0	0	0	0	0	0	0	0																																																			5437											340											80											780											16											0											160									Board_Screen	Board_Screen			0																																												0																																	5956											5956											5956											5956											1											0											5956											5956											5956											5956											5956											1											0											5956									0		0			0																13																																																				
Recording065	ProVisioNET_study_110_02	Female	Novice	snapshop_C_nametag	1	snapshop_C_nametag	160	692048	0	0	0	0	0	0	0	0	0	0	0	0	0	0	0	0	0	0	0	0	0	0	0	0	0	0	0	0	0	0	0	0	0	0	0	0	0	0	0	0	0	0	0	0	0	0	0	0																																																											160											160											160											160											1											0											160	Nametag_Carl(a)	Nametag_Carl(a)											0																																												0																																	160											160											160											160											1											0											160											160											160											160											160											1											0											160	0		0			0																								0																																												
Recording065	ProVisioNET_study_110_02	Female	Novice	snapshop_C_nametag	2	snapshop_C_nametag	200	703601	0	0	0	0	0	0	0	0	0	0	0	0	0	0	0	0	0	0	0	0	0	0	0	0	0	0	0	0	0	0	0	0	0	0	0	0	0	0	0	0	0	0	0	0	0	0	0	0																																																											200											200											200											200											1											0											200	Nametag_Carl(a)	Nametag_Carl(a)											0																																												0																																	200											200											200											200											1											0											200											200											200											200											200											1											0											200	0		0			0																								0																																												
Recording065	ProVisioNET_study_110_02	Female	Novice	snapshop_C_nametag	3	snapshop_C_nametag	1699	816195	0	0	0	0	0	0	0	0	0	0	0	0	0	0	0	0	0	0	0	0	0	0	0	0	0	0	0	0	0	0	0	0	0	0	0	0	0	0	0	0	0	0	0	0	0	0	0	0																																																											380											190											180											200											2											0											180	Nametag_Carl(a)	Nametag_Carl(a)											0																																												0																																	1699											1699											1699											1699											1											0											1699											1699											1699											1699											1699											1											0											1699	0		0			0																								3																																												
Recording065	ProVisioNET_study_110_02	Female	Novice	snapshop_C_nametag	4	snapshop_C_nametag	180	848636	0	0	0	0	0	0	0	0	0	0	0	0	0	0	0	0	0	0	0	0	0	0	0	0	0	0	0	0	0	0	0	0	0	0	0	0	0	0	0	0	0	0	0	0	0	0	0	0																																																											180											180											180											180											1											0											180	Nametag_Carl(a)	Nametag_Carl(a)											0																																												0																																	180											180											180											180											1											0											180											180											180											180											180											1											0											180	0		0			0																								0																																												
Recording065	ProVisioNET_study_110_02	Female	Novice	snapshop_C_nametag	5	snapshop_C_nametag	2079	914597	0	0	0	0	0	0	0	0	0	0	0	0	0	0	0	0	0	0	0	0	0	0	0	0	0	0	0	0	0	0	0	0	0	0	0	0	0	0	0	0	0	0	0	0	0	0	0	0																																																											380											190											180											200											2											0											200	Nametag_Carl(a)	Nametag_Carl(a)											0																																												0																																	2079											2079											2079											2079											1											0											2079											2079											2079											2079											2079											1											0											2079	0		0			0																								4																																												
Recording065	ProVisioNET_study_110_02	Female	Novice	snapshop_C_nametag	6	snapshop_C_nametag	280	1039224	0	0	0	0	0	0	0	0	0	0	0	0	0	0	0	0	0	0	0	0	0	0	0	0	0	0	0	0	0	0	0	0	0	0	0	0	0	0	0	0	0	0	0	0	0	0	0	0																																																											280											280											280											280											1											0											280	Nametag_Carl(a)	Nametag_Carl(a)											0																																												0																																	280											280											280											280											1											0											280											280											280											280											280											1											0											280	0		0			0																								0																																												
Recording065	ProVisioNET_study_110_02	Female	Novice	snapshop_C_nametag	7	snapshop_C_nametag	420	1198650	0	0	0	0	0	0	0	0	0	0	0	0	0	0	0	0	0	0	0	0	0	0	0	0	0	0	0	0	0	0	0	0	0	0	0	0	0	0	0	0	0	0	0	0	0	0	0	0																																																											420											420											420											420											1											0											420	Nametag_Carl(a)	Nametag_Carl(a)											0																																												0																																	420											420											420											420											1											0											420											420											420											420											420											1											0											420	0		0			0																								0																																												
Recording065	ProVisioNET_study_110_02	Female	Novice	snapshop_C_nametag	8	snapshop_C_nametag	200	1285738	0	0	0	0	0	0	0	0	0	0	0	0	0	0	0	0	0	0	0	0	0	0	0	0	0	0	0	0	0	0	0	0	0	0	0	0	0	0	0	0	0	0	0	0	0	0	0	0																																																											200											200											200											200											1											0											200	Nametag_Carl(a)	Nametag_Carl(a)											0																																												0																																	200											200											200											200											1											0											200											200											200											200											200											1											0											200	0		0			0																								0																																												
Recording065	ProVisioNET_study_110_02	Female	Novice	snapshop_C_nametag	9	snapshop_C_nametag	280	1307265	0	0	0	0	0	0	0	0	0	0	0	0	0	0	0	0	0	0	0	0	0	0	0	0	0	0	0	0	0	0	0	0	0	0	0	0	0	0	0	0	0	0	0	0	0	0	0	0																																																											280											280											280											280											1											0											280	Nametag_Carl(a)	Nametag_Carl(a)											0																																												0																																	280											280											280											280											1											0											280											280											280											280											280											1											0											280	0		0			0																								0																																												
Recording065	ProVisioNET_study_110_02	Female	Novice	snapshop_C_nametag	10	snapshop_C_nametag	280	1411903	0	0	0	0	0	0	0	0	0	0	0	0	0	0	0	0	0	0	0	0	0	0	0	0	0	0	0	0	0	0	0	0	0	0	0	0	0	0	0	0	0	0	0	0	0	0	0	0																																																											280											280											280											280											1											0											280	Nametag_Carl(a)	Nametag_Carl(a)											0																																												0																																	280											280											280											280											1											0											280											280											280											280											280											1											0											280	0		0			0																								0																																												
Recording065	ProVisioNET_study_110_02	Female	Novice	snapshop_C_nametag	11	snapshop_C_nametag	160	1423576	0	0	0	0	0	0	0	0	0	0	0	0	0	0	0	0	0	0	0	0	0	0	0	0	0	0	0	0	0	0	0	0	0	0	0	0	0	0	0	0	0	0	0	0	0	0	0	0																																																											160											160											160											160											1											0											160	Nametag_Carl(a)	Nametag_Carl(a)											0																																												0																																	160											160											160											160											1											0											160											160											160											160											160											1											0											160	0		0			0																								0																																												
Recording065	ProVisioNET_study_110_02	Female	Novice	snapshopt_material_students	1	snapshopt_material_students	620	1009561	0	0	0	0	0	0	0	0	0	0	0	0	0	0	0	0	0	0	0	0	0	0	0	0	0	0	0	0	0	0	0	0	0	0	0	0	0	0	0	0	0	0	0	0	0	0	0	0																																																							620											620											620											620											1											0											620					Material_Students	Material_Students							0																																												0																																	620											620											620											620											1											0											620											620											620											620											620											1											0											620					0		0			0																				0																																																
Recording065	ProVisioNET_study_110_02	Female	Novice	snapshopt_material_students	2	snapshopt_material_students	5936	1068966	0	0	0	0	0	0	0	0	0	0	0	0	0	0	0	0	0	0	0	0	0	0	0	0	0	0	0	0	0	0	0	0	0	0	0	1	0	0	0	0	0	0	0	0	0	0	0	0																																				927																			5936											5936											5936											5936											1											0											5936					Material_Students	Material_Students							0																																												0																																	5936											5936											5936											5936											1											0											5936											5936											5936											5936											5936											1											0											5936					0		0			0																				0																																																
Recording065	ProVisioNET_study_110_02	Female	Novice	snapshopt_material_students	3	snapshopt_material_students	200	1087375	0	0	0	0	0	0	0	0	0	0	0	0	0	0	0	0	0	0	0	0	0	0	0	0	0	0	0	0	0	0	0	0	0	0	0	0	0	0	0	0	0	0	0	0	0	0	0	0																																																							200											200											200											200											1											0											200					Material_Students	Material_Students							0																																												0																																	200											200											200											200											1											0											200											200											200											200											200											1											0											200					0		0			0																				0																																																
Recording065	ProVisioNET_study_110_02	Female	Novice	snapshopt_material_students	4	snapshopt_material_students	420	1092972	0	0	0	0	0	0	0	0	0	0	0	0	0	0	0	0	0	0	0	0	0	0	0	0	0	0	0	0	0	0	0	0	0	0	0	0	0	0	0	0	0	0	0	0	0	0	0	0																																																							420											420											420											420											1											0											420					Material_Students	Material_Students							0																																												0																																	420											420											420											420											1											0											420											420											420											420											420											1											0											420					0		0			0																				0																																																
Recording065	ProVisioNET_study_110_02	Female	Novice	snapshopt_material_students	5	snapshopt_material_students	460	1241324	0	0	0	0	0	0	0	0	0	0	0	0	0	0	0	0	0	0	0	0	0	0	0	0	0	0	0	0	0	0	0	0	0	0	0	0	0	0	0	0	0	0	0	0	0	0	0	0																																																							460											460											460											460											1											0											460					Material_Students	Material_Students							0																																												0																																	460											460											460											460											1											0											460											460											460											460											460											1											0											460					0		0			0																				0																																																
Recording065	ProVisioNET_study_110_02	Female	Novice	snapshopt_material_students	6	snapshopt_material_students	220	1291715	0	0	0	0	0	0	0	0	0	0	0	0	0	0	0	0	0	0	0	0	0	0	0	0	0	0	0	0	0	0	0	0	0	0	0	0	0	0	0	0	0	0	0	0	0	0	0	0																																																							220											220											220											220											1											0											220					Material_Students	Material_Students							0																																												0																																	220											220											220											220											1											0											220											220											220											220											220											1											0											220					0		0			0																				0																																																
Recording065	ProVisioNET_study_110_02	Female	Novice	snapshopt_material_students	7	snapshopt_material_students	220	1505328	0	0	0	0	0	0	0	0	0	0	0	0	0	0	0	0	0	0	0	0	0	0	0	0	0	0	0	0	0	0	0	0	0	0	0	0	0	0	0	0	0	0	0	0	0	0	0	0																																																							220											220											220											220											1											0											220					Material_Students	Material_Students							0																																												0																																	220											220											220											220											1											0											220											220											220											220											220											1											0											220					0		0			0																				0																																																
Recording065	ProVisioNET_study_110_02	Female	Novice	snapshopt_material_students	8	snapshopt_material_students	18389	1527934	0	0	0	0	0	0	0	0	0	0	0	0	0	0	0	0	0	0	0	0	0	0	0	0	0	0	0	0	0	0	0	0	0	0	0	0	0	0	0	0	0	0	0	0	0	0	0	0																																																							7256											1209											380											3498											6											0											999					Material_Students	Material_Students							0																																												0																																	18389											18389											18389											18389											1											0											18389											18389											18389											18389											18389											1											0											18389					0		0			0																				20																																																
Recording065	ProVisioNET_study_110_02	Female	Novice	snapshopt_material_students	9	snapshopt_material_students	12213	1555838	0	0	0	0	0	0	0	0	0	0	0	0	0	0	0	0	0	0	0	0	0	0	0	0	0	0	0	0	0	0	0	0	0	0	0	0	0	0	0	0	0	0	0	0	0	0	0	0																																																							2978											496											120											1119											6											0											1119					Material_Students	Material_Students							0																																												0																																	12213											12213											12213											12213											1											0											12213											12213											12213											12213											12213											1											0											12213					0		0			0																				19																																																
Recording065	ProVisioNET_study_110_02	Female	Novice	snapshot_classroom_others	1	snapshot_classroom_others	3698	523806	0	0	0	0	0	0	0	0	0	0	0	0	0	0	0	0	0	0	0	0	0	0	0	0	0	0	0	0	0	0	0	0	0	0	0	0	0	0	0	0	0	0	0	0	0	0	0	0																																																					2559											320											120											640											8											0											380							Classroom_Others	Classroom_Others					0																																												0																																	3698											3698											3698											3698											1											0											3698											3698											3698											3698											3698											1											0											3698							0		0			0																		5																																																		
Recording065	ProVisioNET_study_110_02	Female	Novice	snapshot_classroom_others	2	snapshot_classroom_others	7156	532961	0	0	0	0	0	0	0	0	0	0	0	0	0	0	0	0	0	0	0	0	0	0	0	0	0	0	0	0	0	0	0	0	0	0	0	0	0	0	0	0	0	0	0	0	0	0	0	0																																																					720											103											80											140											7											0											140							Classroom_Others	Classroom_Others					0																																												0																																	7156											7156											7156											7156											1											0											7156											7156											7156											7156											7156											1											0											7156							0		0			0																		8																																																		
Recording065	ProVisioNET_study_110_02	Female	Novice	snapshot_classroom_others	3	snapshot_classroom_others	1119	578954	0	0	0	0	0	0	0	0	0	0	0	0	0	0	0	0	0	0	0	0	0	0	0	0	0	0	0	0	0	0	0	0	0	0	0	0	0	0	0	0	0	0	0	0	0	0	0	0																																																					1079											540											340											740											2											0											740							Classroom_Others	Classroom_Others					0																																												0																																	1119											1119											1119											1119											1											0											1119											1119											1119											1119											1119											1											0											1119							0		0			0																		1																																																		
Recording065	ProVisioNET_study_110_02	Female	Novice	snapshot_classroom_others	4	snapshot_classroom_others	80	591127	0	0	0	0	0	0	0	0	0	0	0	0	0	0	0	0	0	0	0	0	0	0	0	0	0	0	0	0	0	0	0	0	0	0	0	0	0	0	0	0	0	0	0	0	0	0	0	0																																																					80											80											80											80											1											0											80							Classroom_Others	Classroom_Others					0																																												0																																	80											80											80											80											1											0											80											80											80											80											80											1											0											80							0		0			0																		0																																																		
Recording065	ProVisioNET_study_110_02	Female	Novice	snapshot_classroom_others	5	snapshot_classroom_others	120	602101	0	0	0	0	0	0	0	0	0	0	0	0	0	0	0	0	0	0	0	0	0	0	0	0	0	0	0	0	0	0	0	0	0	0	0	0	0	0	0	0	0	0	0	0	0	0	0	0																																																					120											120											120											120											1											0											120							Classroom_Others	Classroom_Others					0																																												0																																	120											120											120											120											1											0											120											120											120											120											120											1											0											120							0		0			0																		0																																																		
Recording065	ProVisioNET_study_110_02	Female	Novice	snapshot_classroom_others	6	snapshot_classroom_others	1559	612615	0	0	0	0	0	0	0	0	0	0	0	0	0	0	0	0	0	0	0	0	0	0	0	0	0	0	0	0	0	0	0	0	0	0	0	0	0	0	0	0	0	0	0	0	0	0	0	0																																																					1439											720											100											1339											2											0											1339							Classroom_Others	Classroom_Others					0																																												0																																	1559											1559											1559											1559											1											0											1559											1559											1559											1559											1559											1											0											1559							0		0			0																		0																																																		
Recording065	ProVisioNET_study_110_02	Female	Novice	snapshot_classroom_others	7	snapshot_classroom_others	1699	622949	0	0	0	0	0	0	0	0	0	0	0	0	0	0	0	0	0	0	0	0	0	0	0	0	0	0	0	0	0	0	0	0	0	0	0	0	0	0	0	0	0	0	0	0	0	0	0	0																																																					340											170											100											240											2											0											100							Classroom_Others	Classroom_Others					0																																												0																																	1699											1699											1699											1699											1											0											1699											1699											1699											1699											1699											1											0											1699							0		0			0																		3																																																		
Recording065	ProVisioNET_study_110_02	Female	Novice	snapshot_classroom_others	8	snapshot_classroom_others	160	631663	0	0	0	0	0	0	0	0	0	0	0	0	0	0	0	0	0	0	0	0	0	0	0	0	0	0	0	0	0	0	0	0	0	0	0	0	0	0	0	0	0	0	0	0	0	0	0	0																																																					160											160											160											160											1											0											160							Classroom_Others	Classroom_Others					0																																												0																																	160											160											160											160											1											0											160											160											160											160											160											1											0											160							0		0			0																		0																																																		
Recording065	ProVisioNET_study_110_02	Female	Novice	snapshot_classroom_others	9	snapshot_classroom_others	220	664524	0	0	0	0	0	0	0	0	0	0	0	0	0	0	0	0	0	0	0	0	0	0	0	0	0	0	0	0	0	0	0	0	0	0	0	0	0	0	0	0	0	0	0	0	0	0	0	0																																																					220											220											220											220											1											0											220							Classroom_Others	Classroom_Others					0																																												0																																	220											220											220											220											1											0											220											220											220											220											220											1											0											220							0		0			0																		0																																																		
Recording065	ProVisioNET_study_110_02	Female	Novice	snapshot_classroom_others	10	snapshot_classroom_others	1579	676977	0	0	0	0	0	0	0	0	0	0	0	0	0	0	0	0	0	0	0	0	0	0	0	0	0	0	0	0	0	0	0	0	0	0	0	0	0	0	0	0	0	0	0	0	0	0	0	0																																																					520											173											160											180											3											0											180							Classroom_Others	Classroom_Others					0																																												0																																	1579											1579											1579											1579											1											0											1579											1579											1579											1579											1579											1											0											1579							0		0			0																		2																																																		
Recording065	ProVisioNET_study_110_02	Female	Novice	snapshot_classroom_others	11	snapshot_classroom_others	120	691908	0	0	0	0	0	0	0	0	0	0	0	0	0	0	0	0	0	0	0	0	0	0	0	0	0	0	0	0	0	0	0	0	0	0	0	0	0	0	0	0	0	0	0	0	0	0	0	0																																																					120											120											120											120											1											0											120							Classroom_Others	Classroom_Others					0																																												0																																	120											120											120											120											1											0											120											120											120											120											120											1											0											120							0		0			0																		0																																																		
Recording065	ProVisioNET_study_110_02	Female	Novice	snapshot_classroom_others	12	snapshot_classroom_others	340	708818	0	0	0	0	0	0	0	0	0	0	0	0	0	0	0	0	0	0	0	0	0	0	0	0	0	0	0	0	0	0	0	0	0	0	0	0	0	0	0	0	0	0	0	0	0	0	0	0																																																					340											340											340											340											1											0											340							Classroom_Others	Classroom_Others					0																																												0																																	340											340											340											340											1											0											340											340											340											340											340											1											0											340							0		0			0																		0																																																		
Recording065	ProVisioNET_study_110_02	Female	Novice	snapshot_classroom_others	13	snapshot_classroom_others	5217	740440	0	0	0	0	0	0	0	0	0	0	0	0	0	0	0	0	0	0	0	0	0	0	0	0	0	0	0	0	0	0	0	0	0	0	0	0	0	0	0	0	0	0	0	0	0	0	0	0																																																					640											160											120											200											4											0											160							Classroom_Others	Classroom_Others					0																																												0																																	5217											5217											5217											5217											1											0											5217											5217											5217											5217											5217											1											0											5217							0		0			0																		9																																																		
Recording065	ProVisioNET_study_110_02	Female	Novice	snapshot_classroom_others	14	snapshot_classroom_others	100	755791	0	0	0	0	0	0	0	0	0	0	0	0	0	0	0	0	0	0	0	0	0	0	0	0	0	0	0	0	0	0	0	0	0	0	0	0	0	0	0	0	0	0	0	0	0	0	0	0																																																					100											100											100											100											1											0											100							Classroom_Others	Classroom_Others					0																																												0																																	100											100											100											100											1											0											100											100											100											100											100											1											0											100							0		0			0																		0																																																		
Recording065	ProVisioNET_study_110_02	Female	Novice	snapshot_classroom_others	15	snapshot_classroom_others	11573	769822	0	0	0	0	0	0	0	0	0	0	0	0	0	0	0	0	0	0	0	0	0	0	0	0	0	0	0	0	0	0	0	0	0	0	0	0	0	0	0	0	1	0	0	0	1	0	0	0																																									11473				10522								2159											308											140											1039											7											0											180							Classroom_Others	Classroom_Others					0																																												0																																	11573											11573											11573											11573											1											0											11573											11573											11573											11573											11573											1											0											11573							0		0			0																		18																																																		
Recording065	ProVisioNET_study_110_02	Female	Novice	snapshot_classroom_others	16	snapshot_classroom_others	440	798066	0	0	0	0	0	0	0	0	0	0	0	0	0	0	0	0	0	0	0	0	0	0	0	0	0	0	0	0	0	0	0	0	0	0	0	0	0	0	0	0	0	0	0	0	0	0	0	0																																																					260											260											260											260											1											180											260							Classroom_Others	Classroom_Others					0																																												0																																	440											440											440											440											1											0											440											440											440											440											440											1											0											440							0		0			0																		0																																																		
Recording065	ProVisioNET_study_110_02	Female	Novice	snapshot_classroom_others	17	snapshot_classroom_others	1939	815736	0	0	0	0	0	0	0	0	0	0	0	0	0	0	0	0	0	0	0	0	0	0	0	0	0	0	0	0	0	0	0	0	0	0	0	0	0	0	0	0	0	0	0	0	0	0	0	0																																																					400											133											80											200											3											0											80							Classroom_Others	Classroom_Others					0																																												0																																	1939											1939											1939											1939											1											0											1939											1939											1939											1939											1939											1											0											1939							0		0			0																		5																																																		
Recording065	ProVisioNET_study_110_02	Female	Novice	snapshot_classroom_others	18	snapshot_classroom_others	2758	825450	0	0	0	0	0	0	0	0	0	0	0	0	0	0	0	0	0	0	0	0	0	0	0	0	0	0	0	0	0	0	0	0	0	0	0	0	0	0	0	0	0	0	0	0	0	0	0	0																																																					540											180											140											200											3											0											140							Classroom_Others	Classroom_Others					0																																												0																																	2758											2758											2758											2758											1											0											2758											2758											2758											2758											2758											1											0											2758							0		0			0																		3																																																		
Recording065	ProVisioNET_study_110_02	Female	Novice	snapshot_classroom_others	19	snapshot_classroom_others	220	837483	0	0	0	0	0	0	0	0	0	0	0	0	0	0	0	0	0	0	0	0	0	0	0	0	0	0	0	0	0	0	0	0	0	0	0	0	0	0	0	0	0	0	0	0	0	0	0	0																																																					220											220											220											220											1											0											220							Classroom_Others	Classroom_Others					0																																												0																																	220											220											220											220											1											0											220											220											220											220											220											1											0											220							0		0			0																		0																																																		
Recording065	ProVisioNET_study_110_02	Female	Novice	snapshot_classroom_others	20	snapshot_classroom_others	300	861569	0	0	0	0	0	0	0	0	0	0	0	0	0	0	0	0	0	0	0	0	0	0	0	0	0	0	0	0	0	0	0	0	0	0	0	0	0	0	0	0	0	0	0	0	0	0	0	0																																																					280											140											100											180											2											0											180							Classroom_Others	Classroom_Others					0																																												0																																	300											300											300											300											1											0											300											300											300											300											300											1											0											300							0		0			0																		1																																																		
Recording065	ProVisioNET_study_110_02	Female	Novice	snapshot_classroom_others	21	snapshot_classroom_others	180	876720	0	0	0	0	0	0	0	0	0	0	0	0	0	0	0	0	0	0	0	0	0	0	0	0	0	0	0	0	0	0	0	0	0	0	0	0	0	0	0	0	0	0	0	0	0	0	0	0																																																					180											180											180											180											1											0											180							Classroom_Others	Classroom_Others					0																																												0																																	180											180											180											180											1											0											180											180											180											180											180											1											0											180							0		0			0																		0																																																		
Recording065	ProVisioNET_study_110_02	Female	Novice	snapshot_classroom_others	22	snapshot_classroom_others	12952	886534	0	0	0	0	0	0	0	0	0	0	0	0	0	0	0	0	0	0	0	0	0	0	0	0	0	0	0	0	0	0	0	0	0	0	0	0	0	0	0	0	0	0	0	0	0	0	0	0																																																					3618											603											80											2099											6											0											220							Classroom_Others	Classroom_Others					0																																												0																																	12952											12952											12952											12952											1											0											12952											12952											12952											12952											12952											1											0											12952							0		0			0																		10																																																		
Recording065	ProVisioNET_study_110_02	Female	Novice	snapshot_classroom_others	23	snapshot_classroom_others	260	913158	0	0	0	0	0	0	0	0	0	0	0	0	0	0	0	0	0	0	0	0	0	0	0	0	0	0	0	0	0	0	0	0	0	0	0	0	0	0	0	0	0	0	0	0	0	0	0	0																																																					260											260											260											260											1											0											260							Classroom_Others	Classroom_Others					0																																												0																																	260											260											260											260											1											0											260											260											260											260											260											1											0											260							0		0			0																		0																																																		
Recording065	ProVisioNET_study_110_02	Female	Novice	snapshot_classroom_others	24	snapshot_classroom_others	100	935685	0	0	0	0	0	0	0	0	0	0	0	0	0	0	0	0	0	0	0	0	0	0	0	0	0	0	0	0	0	0	0	0	0	0	0	0	0	0	0	0	0	0	0	0	0	0	0	0																																																					100											100											100											100											1											0											100							Classroom_Others	Classroom_Others					0																																												0																																	100											100											100											100											1											0											100											100											100											100											100											1											0											100							0		0			0																		0																																																		
Recording065	ProVisioNET_study_110_02	Female	Novice	snapshot_classroom_others	25	snapshot_classroom_others	1399	941402	0	0	0	0	0	0	0	0	0	0	0	0	0	0	0	0	0	0	0	0	0	0	0	0	0	0	0	0	0	0	0	0	0	0	0	0	0	0	0	0	0	0	0	0	0	0	0	0																																																					220											110											80											140											2											0											80							Classroom_Others	Classroom_Others					0																																												0																																	1399											1399											1399											1399											1											0											1399											1399											1399											1399											1399											1											0											1399							0		0			0																		2																																																		
Recording065	ProVisioNET_study_110_02	Female	Novice	snapshot_classroom_others	26	snapshot_classroom_others	1819	957372	0	0	0	0	0	0	0	0	0	0	0	0	0	0	0	0	0	0	0	0	0	0	0	0	0	0	0	0	0	0	0	0	0	0	0	0	0	0	0	0	0	0	0	0	0	0	0	0																																																					839											420											120											720											2											0											720							Classroom_Others	Classroom_Others					0																																												0																																	1819											1819											1819											1819											1											0											1819											1819											1819											1819											1819											1											0											1819							0		0			0																		1																																																		
Recording065	ProVisioNET_study_110_02	Female	Novice	snapshot_classroom_others	27	snapshot_classroom_others	300	976141	0	0	0	0	0	0	0	0	0	0	0	0	0	0	0	0	0	0	0	0	0	0	0	0	0	0	0	0	0	0	0	0	0	0	0	0	0	0	0	0	0	0	0	0	0	0	0	0																																																					300											300											300											300											1											0											300							Classroom_Others	Classroom_Others					0																																												0																																	300											300											300											300											1											0											300											300											300											300											300											1											0											300							0		0			0																		0																																																		
Recording065	ProVisioNET_study_110_02	Female	Novice	snapshot_classroom_others	28	snapshot_classroom_others	5277	982238	0	0	0	0	0	0	0	0	0	0	0	0	0	0	0	0	0	0	0	0	0	0	0	0	0	0	0	0	0	0	0	0	0	0	0	0	0	0	0	0	0	0	0	0	0	0	0	0																																																					5217											2608											580											4637											2											0											580							Classroom_Others	Classroom_Others					0																																												0																																	5277											5277											5277											5277											1											0											5277											5277											5277											5277											5277											1											0											5277							0		0			0																		1																																																		
Recording065	ProVisioNET_study_110_02	Female	Novice	snapshot_classroom_others	29	snapshot_classroom_others	2818	996549	0	0	0	0	0	0	0	0	0	0	0	0	0	0	0	0	0	0	0	0	0	0	0	0	0	0	0	0	0	0	0	0	0	0	0	0	0	0	0	0	0	0	0	0	0	0	0	0																																																					340											170											160											180											2											0											160							Classroom_Others	Classroom_Others					0																																												0																																	2818											2818											2818											2818											1											0											2818											2818											2818											2818											2818											1											0											2818							0		0			0																		2																																																		
Recording065	ProVisioNET_study_110_02	Female	Novice	snapshot_classroom_others	30	snapshot_classroom_others	2678	1006843	0	0	0	0	0	0	0	0	0	0	0	0	0	0	0	0	0	0	0	0	0	0	0	0	0	0	0	0	0	0	0	0	0	0	0	0	0	0	0	0	0	0	0	0	0	0	0	0																																																					1159											290											80											780											4											0											80							Classroom_Others	Classroom_Others					0																																												0																																	2678											2678											2678											2678											1											0											2678											2678											2678											2678											2678											1											0											2678							0		0			0																		2																																																		
Recording065	ProVisioNET_study_110_02	Female	Novice	snapshot_classroom_others	31	snapshot_classroom_others	560	1016777	0	0	0	0	0	0	0	0	0	0	0	0	0	0	0	0	0	0	0	0	0	0	0	0	0	0	0	0	0	0	0	0	0	0	0	0	0	0	0	0	0	0	0	0	0	0	0	0																																																					500											250											160											340											2											0											340							Classroom_Others	Classroom_Others					0																																												0																																	560											560											560											560											1											0											560											560											560											560											560											1											0											560							0		0			0																		0																																																		
Recording065	ProVisioNET_study_110_02	Female	Novice	snapshot_classroom_others	32	snapshot_classroom_others	6336	1022714	0	0	0	0	0	0	0	0	0	0	0	0	0	0	0	0	0	0	0	0	0	0	0	0	0	0	0	0	0	0	0	0	0	0	0	0	0	0	0	0	0	0	0	0	0	0	0	0																																																					1559											390											120											919											4											0											919							Classroom_Others	Classroom_Others					0																																												0																																	6336											6336											6336											6336											1											0											6336											6336											6336											6336											6336											1											0											6336							0		0			0																		10																																																		
Recording065	ProVisioNET_study_110_02	Female	Novice	snapshot_classroom_others	33	snapshot_classroom_others	4697	1035226	0	0	0	0	0	0	0	0	0	0	0	0	0	0	0	0	0	0	0	0	0	0	0	0	0	0	0	0	0	0	0	0	0	0	0	0	0	0	0	0	0	0	0	0	0	0	0	0																																																					300											150											140											160											2											0											140							Classroom_Others	Classroom_Others					0																																												0																																	4697											4697											4697											4697											1											0											4697											4697											4697											4697											4697											1											0											4697							0		0			0																		12																																																		
Recording065	ProVisioNET_study_110_02	Female	Novice	snapshot_classroom_others	34	snapshot_classroom_others	2399	1065788	0	0	0	0	0	0	0	0	0	0	0	0	0	0	0	0	0	0	0	0	0	0	0	0	0	0	0	0	0	0	0	0	0	0	0	0	0	0	0	0	0	0	0	0	0	0	0	0																																																					2339											780											80											2179											3											0											80							Classroom_Others	Classroom_Others					0																																												0																																	2399											2399											2399											2399											1											0											2399											2399											2399											2399											2399											1											0											2399							0		0			0																		2																																																		
Recording065	ProVisioNET_study_110_02	Female	Novice	snapshot_classroom_others	35	snapshot_classroom_others	1379	1077501	0	0	0	0	0	0	0	0	0	0	0	0	0	0	0	0	0	0	0	0	0	0	0	0	0	0	0	0	0	0	0	0	0	0	0	0	0	0	0	0	0	0	0	0	0	0	0	0																																																					580											290											200											380											2											0											200							Classroom_Others	Classroom_Others					0																																												0																																	1379											1379											1379											1379											1											0											1379											1379											1379											1379											1379											1											0											1379							0		0			0																		1																																																		
Recording065	ProVisioNET_study_110_02	Female	Novice	snapshot_classroom_others	36	snapshot_classroom_others	280	1105785	0	0	0	0	0	0	0	0	0	0	0	0	0	0	0	0	0	0	0	0	0	0	0	0	0	0	0	0	0	0	0	0	0	0	0	0	0	0	0	0	0	0	0	0	0	0	0	0																																																					220											110											100											120											2											0											120							Classroom_Others	Classroom_Others					0																																												0																																	280											280											280											280											1											0											280											280											280											280											280											1											0											280							0		0			0																		1																																																		
Recording065	ProVisioNET_study_110_02	Female	Novice	snapshot_classroom_others	37	snapshot_classroom_others	8815	1119217	0	0	0	0	0	0	0	0	0	0	0	0	0	0	0	0	0	0	0	0	0	0	0	0	0	0	0	0	0	0	0	0	0	0	0	0	0	0	0	0	0	0	0	0	0	0	0	0																																																					819											164											120											220											5											0											220							Classroom_Others	Classroom_Others					0																																												0																																	8815											8815											8815											8815											1											0											8815											8815											8815											8815											8815											1											0											8815							0		0			0																		5																																																		
Recording065	ProVisioNET_study_110_02	Female	Novice	snapshot_classroom_others	38	snapshot_classroom_others	4337	1135647	0	0	0	0	0	0	0	0	0	0	0	0	0	0	0	0	0	0	0	0	0	0	0	0	0	0	0	0	0	0	0	0	0	0	0	0	0	0	0	0	0	0	0	0	0	0	0	0																																																					240											120											120											120											2											0											120							Classroom_Others	Classroom_Others					0																																												0																																	4337											4337											4337											4337											1											0											4337											4337											4337											4337											4337											1											0											4337							0		0			0																		2																																																		
Recording065	ProVisioNET_study_110_02	Female	Novice	snapshot_classroom_others	39	snapshot_classroom_others	660	1164490	0	0	0	0	0	0	0	0	0	0	0	0	0	0	0	0	0	0	0	0	0	0	0	0	0	0	0	0	0	0	0	0	0	0	0	0	0	0	0	0	0	0	0	0	0	0	0	0																																																					380											190											160											220											2											0											160							Classroom_Others	Classroom_Others					0																																												0																																	660											660											660											660											1											0											660											660											660											660											660											1											0											660							0		0			0																		2																																																		
Recording065	ProVisioNET_study_110_02	Female	Novice	snapshot_classroom_others	40	snapshot_classroom_others	120	1177342	0	0	0	0	0	0	0	0	0	0	0	0	0	0	0	0	0	0	0	0	0	0	0	0	0	0	0	0	0	0	0	0	0	0	0	0	0	0	0	0	0	0	0	0	0	0	0	0																																																					120											120											120											120											1											0											120							Classroom_Others	Classroom_Others					0																																												0																																	120											120											120											120											1											0											120											120											120											120											120											1											0											120							0		0			0																		0																																																		
Recording065	ProVisioNET_study_110_02	Female	Novice	snapshot_classroom_others	41	snapshot_classroom_others	2039	1203267	0	0	0	0	0	0	0	0	0	0	0	0	0	0	0	0	0	0	0	0	0	0	0	0	0	0	0	0	0	0	0	0	0	0	0	0	0	0	0	0	0	0	0	0	0	0	0	0																																																					340											170											160											180											2											0											160							Classroom_Others	Classroom_Others					0																																												0																																	2039											2039											2039											2039											1											0											2039											2039											2039											2039											2039											1											0											2039							0		0			0																		4																																																		
Recording065	ProVisioNET_study_110_02	Female	Novice	snapshot_classroom_others	42	snapshot_classroom_others	180	1228992	0	0	0	0	0	0	0	0	0	0	0	0	0	0	0	0	0	0	0	0	0	0	0	0	0	0	0	0	0	0	0	0	0	0	0	0	0	0	0	0	0	0	0	0	0	0	0	0																																																					180											180											180											180											1											0											180							Classroom_Others	Classroom_Others					0																																												0																																	180											180											180											180											1											0											180											180											180											180											180											1											0											180							0		0			0																		0																																																		
Recording065	ProVisioNET_study_110_02	Female	Novice	snapshot_classroom_others	43	snapshot_classroom_others	10294	1236168	0	0	0	0	0	0	0	0	0	0	0	0	0	0	0	0	0	0	0	0	0	0	0	0	0	0	0	0	0	0	0	1	0	0	0	0	0	0	0	0	0	0	0	0	0	0	0	0																																3679																					3258											407											80											800											8											0											80							Classroom_Others	Classroom_Others					0																																												0																																	10294											10294											10294											10294											1											0											10294											10294											10294											10294											10294											1											0											10294							0		0			0																		15																																																		
Recording065	ProVisioNET_study_110_02	Female	Novice	snapshot_classroom_others	44	snapshot_classroom_others	4038	1288137	0	0	0	0	0	0	0	0	0	0	0	0	0	0	0	0	0	0	0	0	0	0	0	0	0	0	0	0	0	0	0	0	0	0	0	0	0	0	0	0	0	0	0	0	0	0	0	0																																																					480											160											120											220											3											0											140							Classroom_Others	Classroom_Others					0																																												0																																	4038											4038											4038											4038											1											0											4038											4038											4038											4038											4038											1											0											4038							0		0			0																		6																																																		
Recording065	ProVisioNET_study_110_02	Female	Novice	snapshot_classroom_others	45	snapshot_classroom_others	5357	1324315	0	0	0	0	0	0	0	0	0	0	0	1	0	0	0	0	0	0	0	0	0	0	0	0	0	0	0	0	0	0	0	0	0	0	1	0	0	0	0	0	0	0	0	0	0	0	0	0												4243																							1714																		580											193											80											280											3											0											280							Classroom_Others	Classroom_Others					0																																												0																																	5357											5357											5357											5357											1											0											5357											5357											5357											5357											5357											1											0											5357							0		0			0																		5																																																		
Recording065	ProVisioNET_study_110_02	Female	Novice	snapshot_classroom_others	46	snapshot_classroom_others	340	1364691	0	0	0	0	0	0	0	0	0	0	0	0	0	0	0	0	0	0	0	0	0	0	0	0	0	0	0	0	0	0	0	0	0	0	0	0	0	0	0	0	0	0	0	0	0	0	0	0																																																					340											340											340											340											1											0											340							Classroom_Others	Classroom_Others					0																																												0																																	340											340											340											340											1											0											340											340											340											340											340											1											0											340							0		0			0																		0																																																		
Recording065	ProVisioNET_study_110_02	Female	Novice	snapshot_classroom_others	47	snapshot_classroom_others	160	1371207	0	0	0	0	0	0	0	0	0	0	0	0	0	0	0	0	0	0	0	0	0	0	0	0	0	0	0	0	0	0	0	0	0	0	0	0	0	0	0	0	0	0	0	0	0	0	0	0																																																					160											160											160											160											1											0											160							Classroom_Others	Classroom_Others					0																																												0																																	160											160											160											160											1											0											160											160											160											160											160											1											0											160							0		0			0																		0																																																		
Recording065	ProVisioNET_study_110_02	Female	Novice	snapshot_classroom_others	48	snapshot_classroom_others	100	1386798	0	0	0	0	0	0	0	0	0	0	0	0	0	0	0	0	0	0	0	0	0	0	0	0	0	0	0	0	0	0	0	0	0	0	0	0	0	0	0	0	0	0	0	0	0	0	0	0																																																					100											100											100											100											1											0											100							Classroom_Others	Classroom_Others					0																																												0																																	100											100											100											100											1											0											100											100											100											100											100											1											0											100							0		0			0																		0																																																		
Recording065	ProVisioNET_study_110_02	Female	Novice	snapshot_classroom_others	49	snapshot_classroom_others	180	1401749	0	0	0	0	0	0	0	0	0	0	0	0	0	0	0	0	0	0	0	0	0	0	0	0	0	0	0	0	0	0	0	0	0	0	0	0	0	0	0	0	0	0	0	0	0	0	0	0																																																					180											180											180											180											1											0											180							Classroom_Others	Classroom_Others					0																																												0																																	180											180											180											180											1											0											180											180											180											180											180											1											0											180							0		0			0																		0																																																		
Recording065	ProVisioNET_study_110_02	Female	Novice	snapshot_classroom_others	50	snapshot_classroom_others	2039	1408925	0	0	0	0	0	0	0	0	0	0	0	0	0	0	0	0	0	0	0	0	0	0	0	0	0	0	0	0	0	0	0	0	0	0	0	0	0	0	0	0	0	0	0	0	0	0	0	0																																																					460											230											140											320											2											0											320							Classroom_Others	Classroom_Others					0																																												0																																	2039											2039											2039											2039											1											0											2039											2039											2039											2039											2039											1											0											2039							0		0			0																		4																																																		
Recording065	ProVisioNET_study_110_02	Female	Novice	snapshot_classroom_others	51	snapshot_classroom_others	80	1434390	0	0	0	0	0	0	0	0	0	0	0	0	0	0	0	0	0	0	0	0	0	0	0	0	0	0	0	0	0	0	0	0	0	0	0	0	0	0	0	0	0	0	0	0	0	0	0	0																																																					80											80											80											80											1											0											80							Classroom_Others	Classroom_Others					0																																												0																																	80											80											80											80											1											0											80											80											80											80											80											1											0											80							0		0			0																		0																																																		
Recording065	ProVisioNET_study_110_02	Female	Novice	snapshot_classroom_others	52	snapshot_classroom_others	600	1445204	0	0	0	0	0	0	0	0	0	0	0	0	0	0	0	0	0	0	0	0	0	0	0	0	0	0	0	0	0	0	0	0	0	0	0	0	0	0	0	0	0	0	0	0	0	0	0	0																																																					520											260											200											320											2											0											320							Classroom_Others	Classroom_Others					0																																												0																																	600											600											600											600											1											0											600											600											600											600											600											1											0											600							0		0			0																		1																																																		
Recording065	ProVisioNET_study_110_02	Female	Novice	snapshot_classroom_others	53	snapshot_classroom_others	500	1461794	0	0	0	0	0	0	0	0	0	0	0	0	0	0	0	0	0	0	0	0	0	0	0	0	0	0	0	0	0	0	0	0	0	0	0	0	0	0	0	0	0	0	0	0	0	0	0	0																																																					420											140											80											220											3											0											80							Classroom_Others	Classroom_Others					0																																												0																																	500											500											500											500											1											0											500											500											500											500											500											1											0											500							0		0			0																		2																																																		
Recording065	ProVisioNET_study_110_02	Female	Novice	snapshot_classroom_others	54	snapshot_classroom_others	80	1473547	0	0	0	0	0	0	0	0	0	0	0	0	0	0	0	0	0	0	0	0	0	0	0	0	0	0	0	0	0	0	0	0	0	0	0	0	0	0	0	0	0	0	0	0	0	0	0	0																																																					80											80											80											80											1											0											80							Classroom_Others	Classroom_Others					0																																												0																																	80											80											80											80											1											0											80											80											80											80											80											1											0											80							0		0			0																		0																																																		
Recording065	ProVisioNET_study_110_02	Female	Novice	snapshot_classroom_others	55	snapshot_classroom_others	100	1488198	0	0	0	0	0	0	0	0	0	0	0	0	0	0	0	0	0	0	0	0	0	0	0	0	0	0	0	0	0	0	0	0	0	0	0	0	0	0	0	0	0	0	0	0	0	0	0	0																																																					100											100											100											100											1											0											100							Classroom_Others	Classroom_Others					0																																												0																																	100											100											100											100											1											0											100											100											100											100											100											1											0											100							0		0			0																		0																																																		
Recording065	ProVisioNET_study_110_02	Female	Novice	snapshot_classroom_others	56	snapshot_classroom_others	160	1497333	0	0	0	0	0	0	0	0	0	0	0	0	0	0	0	0	0	0	0	0	0	0	0	0	0	0	0	0	0	0	0	0	0	0	0	0	0	0	0	0	0	0	0	0	0	0	0	0																																																					160											160											160											160											1											0											160							Classroom_Others	Classroom_Others					0																																												0																																	160											160											160											160											1											0											160											160											160											160											160											1											0											160							0		0			0																		0																																																		
Recording065	ProVisioNET_study_110_02	Female	Novice	snapshot_classroom_others	57	snapshot_classroom_others	24645	1502869	0	0	0	0	0	0	0	0	0	0	0	0	0	0	0	0	0	0	0	0	0	0	0	0	0	0	0	0	0	0	0	0	0	0	0	0	0	0	0	0	0	0	0	0	0	0	0	0																																																					10973											686											120											5797											16											0											180							Classroom_Others	Classroom_Others					0																																												0																																	24645											24645											24645											24645											1											0											24645											24645											24645											24645											24645											1											0											24645							0		0			0																		33																																																		
Recording065	ProVisioNET_study_110_02	Female	Novice	snapshot_classroom_others	58	snapshot_classroom_others	14851	1533291	0	0	0	0	0	0	0	0	0	0	0	0	0	0	0	0	0	0	0	0	0	0	0	0	0	0	0	0	0	0	0	0	0	0	0	0	0	0	0	0	0	0	0	0	0	0	0	0																																																					5297											757											80											2219											7											0											420							Classroom_Others	Classroom_Others					0																																												0																																	14851											14851											14851											14851											1											0											14851											14851											14851											14851											14851											1											0											14851							0		0			0																		19																																																		
Recording065	ProVisioNET_study_110_02	Female	Novice	snapshot_classroom_others	59	snapshot_classroom_others	11293	1557037	0	0	0	0	0	0	0	0	0	0	0	0	0	0	0	0	0	0	0	0	0	0	0	0	0	0	0	0	0	0	0	0	0	0	0	0	0	0	0	0	0	0	0	0	0	0	0	0																																																					3538											393											220											740											9											0											480							Classroom_Others	Classroom_Others					0																																												0																																	11293											11293											11293											11293											1											0											11293											11293											11293											11293											11293											1											0											11293							0		0			0																		19																																																		
Recording065	ProVisioNET_study_110_02	Female	Novice	snapshot_classroom_others	60	snapshot_classroom_others	560	1575746	0	0	0	0	0	0	0	0	0	0	0	0	0	0	0	0	0	0	0	0	0	0	0	0	0	1	0	0	0	0	0	0	0	0	0	0	0	0	0	0	0	0	0	0	0	0	0	0																										327																											540											270											180											360											2											0											180							Classroom_Others	Classroom_Others					0																																												0																																	560											560											560											560											1											0											560											560											560											560											560											1											0											560							0		0			0																		0																																																		
Recording065	ProVisioNET_study_110_02	Female	Novice	snapshot_disruptive_person	1	snapshot_disruptive_person	3178	691448	0	0	0	0	0	0	0	0	0	0	0	0	0	0	0	0	0	0	0	0	0	0	0	1	0	0	0	0	0	0	0	0	0	0	0	0	0	0	1	0	0	0	0	0	0	0	0	0																								1584															2290															2838											568											120											2119											5											0											260						Disruptive_Person	Disruptive_Person						0																																												0																																	3178											3178											3178											3178											1											0											3178											3178											3178											3178											3178											1											0											3178						0		0			0																			3																																																	
Recording065	ProVisioNET_study_110_02	Female	Novice	snapshot_disruptive_person	2	snapshot_disruptive_person	979	780416	0	0	0	0	0	0	0	0	0	0	0	0	0	0	0	0	0	0	0	0	0	0	0	0	0	0	0	0	0	0	0	0	0	0	0	0	0	0	0	0	1	0	0	0	0	0	0	0																																									879													959											480											200											760											2											0											760						Disruptive_Person	Disruptive_Person						0																																												0																																	979											979											979											979											1											0											979											979											979											979											979											1											0											979						0		0			0																			1																																																	
Recording065	ProVisioNET_study_110_02	Female	Novice	snapshot_disruptive_person	3	snapshot_disruptive_person	9794	870623	0	0	0	0	0	0	0	0	0	0	0	0	0	0	0	0	0	0	0	0	0	0	0	0	0	0	0	0	0	0	0	0	0	0	0	0	0	0	0	0	0	1	0	0	0	0	1	1																																										7271					8568	277						7396											1479											660											2578											5											0											660						Disruptive_Person	Disruptive_Person						0																																												0																																	9794											9794											9794											9794											1											0											9794											9794											9794											9794											9794											1											0											9794						0		0			0																			12																																																	
<<<<<<< Updated upstream
Recording065	ProVisioNET_study_110_02	Female	Novice	snapshot_disruptive_person	4	snapshot_disruptive_person	3358	959671	0	0	0	0	0	0	0	0	0	0	0	0	0	0	0	0	0	0	0	0	0	1	0	0	0	0	0	0	0	0	0	0	0	0	0	0	0	0	0	0	0	0	0	0	0	0	0	0																						1821																																3318											1659											100											3218											2											0											3218						Disruptive_Person	Disruptive_Person						0																																												0																																	3358											3358											3358											3358											1											0											3358											3358											3358											3358											3358											1											0											3358						0		0			0																			1																																																	
Recording065	ProVisioNET_study_110_02	Female	Novice	snapshot_disruptive_person	5	snapshot_disruptive_person	580	982238	0	0	0	0	0	0	0	0	0	0	0	0	0	0	0	0	0	0	0	0	0	0	0	0	0	0	0	0	0	0	0	0	0	0	0	0	0	0	0	0	0	0	0	0	0	0	0	0																																																						580											580											580											580											1											0											580						Disruptive_Person	Disruptive_Person						0																																												0																																	580											580											580											580											1											0											580											580											580											580											580											1											0											580						0		0			0																			0																																																	
Recording065	ProVisioNET_study_110_02	Female	Novice	snapshot_disruptive_person	6	snapshot_disruptive_person	2039	990333	0	0	0	0	0	0	0	0	0	0	0	0	0	0	0	0	0	0	0	1	1	0	0	0	0	0	0	0	0	0	0	0	0	0	0	0	0	0	0	0	0	0	0	0	0	0	0	0																				1159	1159																																	1619											405											160											680											4											0											320						Disruptive_Person	Disruptive_Person						0																																												0																																	2039											2039											2039											2039											1											0											2039											2039											2039											2039											2039											1											0											2039						0		0			0																			4																																																	
=======
Recording065	ProVisioNET_study_110_02	Female	Novice	snapshot_disruptive_person	4	snapshot_disruptive_person	3218	959671	0	0	0	0	0	0	0	0	0	0	0	0	0	0	0	0	0	0	0	0	0	1	0	0	0	0	0	0	0	0	0	0	0	0	0	0	0	0	0	0	0	0	0	0	0	0	0	0																						1821																																3218											3218											3218											3218											1											0											3218						Disruptive_Person	Disruptive_Person						0																																												0																																	3218											3218											3218											3218											1											0											3218											3218											3218											3218											3218											1											0											3218						0		0			0																			0																																																	
Recording065	ProVisioNET_study_110_02	Female	Novice	snapshot_disruptive_person	5	snapshot_disruptive_person	580	982238	0	0	0	0	0	0	0	0	0	0	0	0	0	0	0	0	0	0	0	0	0	0	0	0	0	0	0	0	0	0	0	0	0	0	0	0	0	0	0	0	0	0	0	0	0	0	0	0																																																						580											580											580											580											1											0											580						Disruptive_Person	Disruptive_Person						0																																												0																																	580											580											580											580											1											0											580											580											580											580											580											1											0											580						0		0			0																			0																																																	
Recording065	ProVisioNET_study_110_02	Female	Novice	snapshot_disruptive_person	6	snapshot_disruptive_person	999	990333	0	0	0	0	0	0	0	0	0	0	0	0	0	0	0	0	0	0	0	0	0	0	0	0	0	0	0	0	0	0	0	0	0	0	0	0	0	0	0	0	0	0	0	0	0	0	0	0																																																						780											390											320											460											2											0											320						Disruptive_Person	Disruptive_Person						0																																												0																																	999											999											999											999											1											0											999											999											999											999											999											1											0											999						0		0			0																			2																																																	
>>>>>>> Stashed changes
Recording065	ProVisioNET_study_110_02	Female	Novice	snapshot_disruptive_person	7	snapshot_disruptive_person	9994	1065788	0	0	0	0	0	0	0	0	0	0	0	0	0	0	0	0	0	0	0	0	0	0	0	0	0	0	0	0	0	0	0	0	0	0	0	1	0	0	0	0	0	0	0	0	0	0	0	0																																				4106																		9414											1569											80											5936											6											0											80						Disruptive_Person	Disruptive_Person						0																																												0																																	9994											9994											9994											9994											1											0											9994											9994											9994											9994											9994											1											0											9994						0		0			0																			6																																																	
Recording065	ProVisioNET_study_110_02	Female	Novice	snapshot_disruptive_person	8	snapshot_disruptive_person	4837	1147980	0	0	0	0	0	0	0	0	0	0	0	0	0	0	0	0	0	1	0	0	0	0	0	0	0	0	0	0	0	0	0	0	0	0	0	0	1	0	0	0	0	0	0	0	0	0	0	0																		2198																			1137																	4477											2239											340											4138											2											0											340						Disruptive_Person	Disruptive_Person						0																																												0																																	4837											4837											4837											4837											1											0											4837											4837											4837											4837											4837											1											0											4837						0		0			0																			2																																																	
Recording065	ProVisioNET_study_110_02	Female	Novice	snapshot_disruptive_person	9	snapshot_disruptive_person	3098	1236367	0	0	0	0	0	0	0	0	0	0	0	0	0	0	0	0	0	0	0	0	0	0	0	0	0	0	0	0	0	0	0	0	0	0	0	0	0	0	0	0	0	0	0	0	0	0	0	0																																																						1599											267											100											480											6											0											100						Disruptive_Person	Disruptive_Person						0																																												0																																	3098											3098											3098											3098											1											0											3098											3098											3098											3098											3098											1											0											3098						0		0			0																			6																																																	
Recording065	ProVisioNET_study_110_02	Female	Novice	snapshot_disruptive_person	10	snapshot_disruptive_person	4537	1324315	0	0	0	0	0	0	0	0	0	0	0	1	0	0	0	0	0	0	0	0	0	0	0	0	0	0	0	0	0	0	0	0	0	0	1	0	0	0	0	0	0	0	0	0	0	0	0	0												4243																							1714																			4158											832											280											2219											5											0											280						Disruptive_Person	Disruptive_Person						0																																												0																																	4537											4537											4537											4537											1											0											4537											4537											4537											4537											4537											1											0											4537						0		0			0																			4																																																	
Recording065	ProVisioNET_study_110_02	Female	Novice	snapshot_disruptive_person	11	snapshot_disruptive_person	7016	1411224	0	0	0	0	0	0	0	0	1	1	0	0	0	0	0	0	0	0	0	0	0	0	0	0	0	0	0	0	0	0	0	0	0	1	0	0	0	0	0	0	0	0	0	0	0	0	0	0									6972	80																								5796																				4537											1134											640											1619											4											0											640						Disruptive_Person	Disruptive_Person						0																																												0																																	7016											7016											7016											7016											1											0											7016											7016											7016											7016											7016											1											0											7016						0		0			0																			7																																																	
Recording065	ProVisioNET_study_110_02	Female	Novice	snapshot_material_teacher	1	snapshot_material_teacher	4937	580154	0	0	0	0	0	0	0	0	0	0	0	0	0	0	0	0	0	0	0	0	0	0	0	0	0	0	0	0	0	0	0	0	0	0	0	0	0	0	0	0	0	0	0	0	0	0	0	0																																																								959											320											120											500											3											0											340				Material_Teacher	Material_Teacher								0																																												0																																	4937											4937											4937											4937											1											0											4937											4937											4937											4937											4937											1											0											4937				0		0			0																					7																																															
Recording065	ProVisioNET_study_110_02	Female	Novice	snapshot_material_teacher	2	snapshot_material_teacher	260	773200	0	0	0	0	0	0	0	0	0	0	0	0	0	0	0	0	0	0	0	0	0	0	0	0	0	0	0	0	0	0	0	0	0	0	0	0	0	0	0	0	0	0	0	0	0	0	0	0																																																								260											260											260											260											1											0											260				Material_Teacher	Material_Teacher								0																																												0																																	260											260											260											260											1											0											260											260											260											260											260											1											0											260				0		0			0																					0																																															
Recording065	ProVisioNET_study_110_02	Female	Novice	snapshot_material_teacher	3	snapshot_material_teacher	680	779657	0	0	0	0	0	0	0	0	0	0	0	0	0	0	0	0	0	0	0	0	0	0	0	0	0	0	0	0	0	0	0	0	0	0	0	0	0	0	0	0	0	0	0	0	0	0	0	0																																																								680											680											680											680											1											0											680				Material_Teacher	Material_Teacher								0																																												0																																	680											680											680											680											1											0											680											680											680											680											680											1											0											680				0		0			0																					0																																															
Recording065	ProVisioNET_study_110_02	Female	Novice	snapshot_material_teacher	4	snapshot_material_teacher	2379	788372	0	0	0	0	0	0	0	0	0	0	0	0	0	0	0	0	0	0	0	0	0	0	0	0	0	0	0	0	0	0	0	0	0	0	0	0	0	0	0	0	0	0	0	0	0	0	0	0																																																								2099											300											160											680											7											0											180				Material_Teacher	Material_Teacher								0																																												0																																	2379											2379											2379											2379											1											0											2379											2379											2379											2379											2379											1											0											2379				0		0			0																					6																																															
Recording065	ProVisioNET_study_110_02	Female	Novice	snapshot_material_teacher	5	snapshot_material_teacher	520	800225	0	0	0	0	0	0	0	0	0	0	0	0	0	0	0	0	0	0	0	0	0	0	0	0	0	0	0	0	0	0	0	0	0	0	0	0	0	0	0	0	0	0	0	0	0	0	0	0																																																								500											250											100											400											2											0											100				Material_Teacher	Material_Teacher								0																																												0																																	520											520											520											520											1											0											520											520											520											520											520											1											0											520				0		0			0																					1																																															
Recording065	ProVisioNET_study_110_02	Female	Novice	snapshot_material_teacher	6	snapshot_material_teacher	999	822072	0	0	0	0	0	0	0	0	0	0	0	0	0	0	0	0	0	0	0	0	0	0	0	0	0	0	0	0	0	0	0	0	0	0	0	0	0	0	0	0	0	0	0	0	0	0	0	0																																																								999											999											999											999											1											0											999				Material_Teacher	Material_Teacher								0																																												0																																	999											999											999											999											1											0											999											999											999											999											999											1											0											999				0		0			0																					0																																															
Recording065	ProVisioNET_study_110_02	Female	Novice	snapshot_material_teacher	7	snapshot_material_teacher	3598	862068	0	0	0	0	0	0	0	0	0	0	0	0	0	0	0	0	0	0	0	0	0	0	0	0	0	0	0	0	0	0	0	0	0	0	0	0	0	0	0	0	0	0	0	0	0	0	0	0																																																								3398											425											120											1339											8											0											120				Material_Teacher	Material_Teacher								0																																												0																																	3598											3598											3598											3598											1											0											3598											3598											3598											3598											3598											1											0											3598				0		0			0																					7																																															
Recording065	ProVisioNET_study_110_02	Female	Novice	snapshot_material_teacher	8	snapshot_material_teacher	2219	926111	0	0	0	0	0	0	0	0	0	0	0	0	0	0	0	0	0	0	0	0	0	0	0	0	0	0	0	0	0	0	0	0	0	0	0	0	0	0	0	0	0	0	0	0	0	0	0	0																																																								1979											396											120											879											5											0											320				Material_Teacher									0																																												0																																	2219											2219											2219											2219											1											0											2219											2219											2219											2219											2219											1											0											2219				0		0			0																					4																																															
Recording065	ProVisioNET_study_110_02	Female	Novice	snapshot_material_teacher	9	snapshot_material_teacher	1939	1029450	0	0	0	0	0	0	0	0	0	0	0	0	0	0	0	0	0	0	0	0	0	0	0	0	0	0	0	0	0	0	0	0	0	0	0	0	0	0	0	0	0	0	0	0	0	0	0	0																																																								1279											640											600											680											2											0											680				Material_Teacher	Material_Teacher								0																																												0																																	1939											1939											1939											1939											1											0											1939											1939											1939											1939											1939											1											0											1939				0		0			0																					2																																															
Recording065	ProVisioNET_study_110_02	Female	Novice	snapshot_material_teacher	10	snapshot_material_teacher	4797	1057933	0	0	0	0	0	0	0	0	0	0	0	0	0	0	0	0	0	0	0	0	0	0	0	0	0	0	0	0	0	0	0	0	0	0	0	0	0	0	0	0	0	0	0	0	0	0	0	0																																																								4577											915											420											2698											5											0											420				Material_Teacher	Material_Teacher								0																																												0																																	4797											4797											4797											4797											1											0											4797											4797											4797											4797											4797											1											0											4797				0		0			0																					4																																															
Recording065	ProVisioNET_study_110_02	Female	Novice	snapshot_material_teacher	11	snapshot_material_teacher	440	1115759	0	0	0	0	0	0	0	0	0	0	0	0	0	0	0	0	0	0	0	0	0	0	0	0	0	0	0	0	0	0	0	0	0	0	0	0	0	0	0	0	0	0	0	0	0	0	0	0																																																								440											440											440											440											1											0											440				Material_Teacher	Material_Teacher								0																																												0																																	440											440											440											440											1											0											440											440											440											440											440											1											0											440				0		0			0																					0																																															
Recording065	ProVisioNET_study_110_02	Female	Novice	snapshot_material_teacher	12	snapshot_material_teacher	2279	1158993	0	0	0	0	0	0	0	0	0	0	0	0	0	0	0	0	0	0	0	0	0	0	0	0	0	0	0	0	0	0	0	0	0	0	0	0	0	0	0	0	0	0	0	0	0	0	0	0																																																								2099											420											160											840											5											0											560				Material_Teacher	Material_Teacher								0																																												0																																	2279											2279											2279											2279											1											0											2279											2279											2279											2279											2279											1											0											2279				0		0			0																					4																																															
Recording065	ProVisioNET_study_110_02	Female	Novice	snapshot_material_teacher	13	snapshot_material_teacher	140	1246521	0	0	0	0	0	0	0	0	0	0	0	0	0	0	0	0	0	0	0	0	0	0	0	0	0	0	0	0	0	0	0	0	0	0	0	0	0	0	0	0	0	0	0	0	0	0	0	0																																																								140											140											140											140											1											0											140				Material_Teacher	Material_Teacher								0																																												0																																	140											140											140											140											1											0											140											140											140											140											140											1											0											140				0		0			0																					0																																															
Recording065	ProVisioNET_study_110_02	Female	Novice	snapshot_material_teacher	14	snapshot_material_teacher	220	1287277	0	0	0	0	0	0	0	0	0	0	0	0	0	0	0	0	0	0	0	0	0	0	0	0	0	0	0	0	0	0	0	0	0	0	0	0	0	0	0	0	0	0	0	0	0	0	0	0																																																								220											220											220											220											1											0											220				Material_Teacher	Material_Teacher								0																																												0																																	220											220											220											220											1											0											220											220											220											220											220											1											0											220				0		0			0																					0																																															
Recording065	ProVisioNET_study_110_02	Female	Novice	snapshot_material_teacher	15	snapshot_material_teacher	480	1437388	0	0	0	0	0	0	0	0	0	0	0	0	0	0	0	0	0	0	0	0	0	0	0	0	0	0	0	0	0	0	0	0	0	0	0	0	0	0	0	0	0	0	0	0	0	0	0	0																																																								480											480											480											480											1											0											480				Material_Teacher	Material_Teacher								0																																												0																																	480											480											480											480											1											0											480											480											480											480											480											1											0											480				0		0			0																					0																																															
Recording065	ProVisioNET_study_110_02	Female	Novice	snapshot_material_teacher	16	snapshot_material_teacher	360	1489257	0	0	0	0	0	0	0	0	0	0	0	0	0	0	0	0	0	0	0	0	0	0	0	0	0	0	0	0	0	0	0	0	0	0	0	0	0	0	0	0	0	0	0	0	0	0	0	0																																																								360											360											360											360											1											0											360				Material_Teacher	Material_Teacher								0																																												0																																	360											360											360											360											1											0											360											360											360											360											360											1											0											360				0		0			0																					0																																															
Recording065	ProVisioNET_study_110_02	Female	Novice	snapshot_material_teacher	17	snapshot_material_teacher	859	1513583	0	0	0	0	0	0	0	0	0	0	0	0	0	0	0	0	0	0	0	0	0	0	0	0	0	0	0	0	0	0	0	0	0	0	0	0	0	0	0	0	0	0	0	0	0	0	0	0																																																								820											410											160											660											2											0											660				Material_Teacher	Material_Teacher								0																																												0																																	859											859											859											859											1											0											859											859											859											859											859											1											0											859				0		0			0																					1																																															
<<<<<<< Updated upstream
Recording065	ProVisioNET_study_110_02	Female	Novice	snapshot_students	1	snapshot_students	87809	521028	0	0	0	0	0	0	0	0	0	0	0	0	0	0	0	0	0	0	0	0	0	0	0	0	0	0	0	0	0	0	0	0	0	0	0	0	0	0	0	0	0	0	0	0	0	0	0	0																																																	22987	33960		11693								884	918		899								100	100		80								6576	7036		3718								26	37		13								180	600		0								380	760		140								Anna	Anna	0	0		0																																									0	0		0																														29023	34860		11733								1935	1452		1067								220	140		140								9914	13492		3718								15	24		11								180	600		0								380	760		140								29023	34900		11733								1935	1454		1067								220	140		140								9914	13492		3718								15	24		11								180	600		0								380	760		140								0		0			0														18	14		1								140	560		10014								560	1359		140								119,28	215,36		348,04								215,36	230,91		119,28							
Recording065	ProVisioNET_study_110_02	Female	Novice	snapshot_students	2	snapshot_students	53649	614214	0	0	0	0	0	0	0	0	0	0	0	0	0	0	0	0	0	0	0	0	0	0	0	0	0	0	0	0	0	0	0	0	0	0	0	0	0	0	0	0	0	0	0	0	0	0	0	0																																																	37118	660		0								2183	660										80	660										6236	660										17	1		0								0	29683										6236	660										Anna	Anna	0	0		0																																									0	0		0																														52909	660		0								26455	660										23286	660										29623	660										2	1		0								0	29683										29623	660										52909	660		0								26455	660										23286	660										29623	660										2	1		0								0	29683										29623	660										0		0			0														32	0		0								30342												30342										225,99												225,99									
Recording065	ProVisioNET_study_110_02	Female	Novice	snapshot_students	3	snapshot_students	93585	674658	0	0	0	0	0	0	0	0	0	0	0	0	0	0	0	0	0	0	0	0	0	0	1	1	1	0	0	0	0	0	0	0	0	0	0	0	0	0	1	0	0	0	0	0	0	0	0	0																							45901	18374	15901														19080										7196	17610		38178								1199	2516		4242								180	120		180								2219	9235		11433								6	7		9								0	3918		16790								2219	640		260								Anna	Anna	0	0		0																																									0	0		0																														15371	21867		49591								5124	7289		49591								820	740		49591								12333	11673		49591								3	3		1								0	3918		16790								2219	11673		49591								15371	21867		49591								5124	7289		49591								820	740		49591								12333	11673		49591								3	3		1								0	3918		16790								2219	11673		49591								0		0			0														7	9		20								67181	3898										2219	67181		66381								260,81	283,27										286,89	260,81		320,75							
Recording065	ProVisioNET_study_110_02	Female	Novice	snapshot_students	4	snapshot_students	14771	773520	0	0	0	0	0	0	0	0	0	0	0	0	0	0	0	0	0	0	0	0	0	0	0	0	0	0	0	0	0	0	0	0	0	0	0	0	0	0	0	0	1	0	0	1	1	0	0	0																																									7775			9433	6824				1959	8615		360								490	1723		360								80	460		360								1119	4497		360								4	5		1								1119	400		0								1119	680		360								Bianca	Bianca	0	0		0																																									0	0		0																														4337	9015		360								2169	3005		360								580	460		360								3758	7875		360								2	3		1								1119	400		0								3758	680		360								4337	9015		360								2169	3005		360								580	460		360								3758	7875		360								2	3		1								1119	400		0								3758	680		360								0		0			0														7	2		0								1079	360										4877	1079		360								308,98	253,25										314,21	308,98		253,25							
Recording065	ProVisioNET_study_110_02	Female	Novice	snapshot_students	5	snapshot_students	7616	794688	0	0	0	0	0	0	0	0	0	0	0	0	0	0	0	0	0	0	0	0	0	0	0	0	0	0	0	0	0	0	0	0	0	0	0	0	0	0	0	0	0	0	0	0	0	0	0	0																																																	1279	1879		1079								640	376		360								420	100		200								859	899		600								2	5		3								0	480		1059								420	520		200								Anna	Anna	0	0		0																																									0	0		0																														1279	1899		1079								640	475		360								420	200		200								859	899		600								2	4		3								0	480		1059								420	520		200								1279	1899		1079								640	475		360								420	200		200								859	899		600								2	4		3								0	480		1059								420	520		200								0		0			0														0	1		0								6696	420		999								420	999		1259								300,7	287,28		291,77								287,28	291,77		222,78							
Recording065	ProVisioNET_study_110_02	Female	Novice	snapshot_students	6	snapshot_students	52749	807900	0	0	0	0	0	0	0	0	0	0	0	0	0	0	0	0	0	0	0	0	0	0	0	0	0	0	0	0	0	0	0	0	0	0	0	0	0	0	0	0	0	0	1	0	0	0	0	0																																											2445						12373	13052		5517								884	932		1103								80	120		200								4118	3878		2538								14	14		5								2998	0		460								680	400		280								Anna	Anna	0	0		0																																									0	0		0																														17070	17090		6056								2134	1899		2019								200	140		200								6696	13152		5577								8	9		3								2998	0		460								680	400		280								17070	17090		6056								2134	1899		2019								200	140		200								6696	13152		5577								8	9		3								2998	0		460								680	400		280								0		0			0														10	10		3								4637	3678		400								3678	400		14092								318,47	299,45		285,03								299,45	285,03		496,56							
Recording065	ProVisioNET_study_110_02	Female	Novice	snapshot_students	7	snapshot_students	20928	870623	0	0	0	0	0	0	0	0	0	0	0	0	0	0	0	0	0	0	0	0	0	0	0	0	0	0	0	0	0	0	0	0	0	0	0	0	0	0	0	0	0	1	0	0	0	0	1	1																																										7271					8568	277	17010	1239		0								1546	310										440	140										2578	600										11	4		0								0	2878										660	600										Anna	Anna	0	0		0																																									0	0		0																														18569	1819		0								4642	606										879	200										13712	1019										4	3		0								0	2878										2858	600										18569	1819		0								4642	606										879	200										13712	1019										4	3		0								0	2878										2858	600										0		0			0														6	3		0								3478	2858										2858	3478										106,28	172,79										172,79	106,28									
Recording065	ProVisioNET_study_110_02	Female	Novice	snapshot_students	8	snapshot_students	26384	899666	0	0	0	0	0	0	0	0	0	0	0	0	0	0	0	0	0	0	0	0	0	0	0	0	0	0	0	0	0	0	0	0	0	0	0	0	0	0	0	0	0	0	0	0	0	1	0	0																																														1234			8175	1539		8915								1635	308		1783								120	100		80								4977	680		5956								5	5		5								0	13152		13772								4977	140		1119								Bianca	Bianca	0	0		0																																									0	0		0																														12792	1559		9215								6396	390		3072								300	100		1119								12493	680		5956								2	4		3								0	13152		13772								12493	300		2139								12792	1559		9215								6396	390		3072								300	100		1119								12493	680		5956								2	4		3								0	13152		13772								12493	300		2139								0		0			0														6	1		3								16430	15911		13752								16770	13452		15911								269,7	273,63		262,82								430,78	280,81		273,63							
Recording065	ProVisioNET_study_110_02	Female	Novice	snapshot_students	9	snapshot_students	30922	934266	0	0	0	0	0	0	0	0	0	0	0	0	0	0	0	0	0	0	0	0	0	1	0	0	0	0	0	0	0	0	0	0	0	0	0	0	0	0	0	0	0	0	0	0	0	0	0	0																						27226																											5577	13212		800								697	881		400								300	80		300								1859	3218		500								8	15		2								560	0		5557								540	500		500								Anna	Anna	0	0		0																																									0	0		0																														5877	14112		800								840	1568		400								380	420		300								1859	4577		500								7	9		2								560	0		5557								540	500		500								5916	14112		800								845	1568		400								420	420		300								1859	4577		500								7	9		2								560	0		5557								540	500		500								0		0			0														2	8		0								500	4897		5517								4897	500		6056								290,08	300,67		304,89								300,67	290,08		297,93							
Recording065	ProVisioNET_study_110_02	Female	Novice	snapshot_students	10	snapshot_students	10334	970804	0	0	0	0	0	0	0	0	0	0	0	0	0	0	0	0	0	0	0	0	0	0	0	0	0	0	0	0	0	0	0	0	0	0	0	0	0	0	0	0	0	0	0	0	0	0	0	0																																																	2978	0		0								745											100											1599											4	0		0								0											580											Anna	Anna	0	0		0																																									0	0		0																														10334	0		0								10334											10334											10334											1	0		0								0											10334											10334	0		0								10334											10334											10334											1	0		0								0											10334											0		0			0														14	0		0																																																			
Recording065	ProVisioNET_study_110_02	Female	Novice	snapshot_students	11	snapshot_students	20228	990333	0	0	0	0	0	0	0	0	0	0	0	0	0	0	0	0	0	0	0	1	1	0	0	0	0	0	0	0	0	0	0	0	0	0	0	0	0	0	0	0	0	0	0	0	0	0	0	0																				1159	1159																												1959	8835		0								653	680										220	100										1399	3218										3	13		0								1079	0										220	320										Bianca	Bianca	0	0		0																																									0	0		0																														1959	16290		0								653	4073										220	320										1399	14292										3	4		0								1079	0										220	999										1959	16290		0								653	4073										220	320										1399	14292										3	4		0								1079	0										220	999										0		0			0														0	18		0								999	1299										1299	999										321,45	370,75										370,75	321,45									
Recording065	ProVisioNET_study_110_02	Female	Novice	snapshot_students	12	snapshot_students	8355	1022354	0	0	0	0	0	0	0	0	0	0	0	0	0	0	0	0	0	0	0	0	0	0	0	0	0	0	0	0	0	0	0	0	0	0	0	0	0	0	0	0	0	0	0	0	0	0	0	0																																																	1919	999		1119								480	250		560								220	200		520								1059	300		600								4	4		2								100	1619		4457								220	200		600								Carl(a)	Carl(a)	0	0		0																																									0	0		0																														2938	999		1119								979	250		560								420	200		520								1459	300		600								3	4		2								100	1619		4457								1459	200		600								2938	999		1119								979	250		560								420	200		520								1459	300		600								3	4		2								100	1619		4457								1459	200		600								0		0			0														2	0		0								80	1559		7775								1559	1819		5057								135,15	382,85		287,26								382,85	300,21		156,23							
Recording065	ProVisioNET_study_110_02	Female	Novice	snapshot_students	13	snapshot_students	17750	1037425	0	0	0	0	0	0	0	0	0	0	0	0	0	0	0	1	0	0	0	0	0	0	0	0	0	0	0	0	0	0	0	0	0	0	0	0	0	0	0	0	0	0	0	0	0	0	0	0																13381																																	3338	4917		2698								668	702		899								140	140		160								1839	1999		1859								5	7		3								220	0		1619								879	180		160								Anna	Anna	0	0		0																																									0	0		0																														5057	5317		3478								2529	1329		1739								879	180		680								4178	4038		2798								2	4		2								220	0		1619								879	180		2798								5057	5317		3478								2529	1329		1739								879	180		680								4178	4038		2798								2	4		2								220	0		1619								879	180		2798								0		0			0														4	4		4								180	1099		1579								1099	180										255,84	289,44		253,74								289,44	255,84									
Recording065	ProVisioNET_study_110_02	Female	Novice	snapshot_students	14	snapshot_students	4997	1063929	0	0	0	0	0	0	0	0	0	0	0	0	0	0	0	0	0	0	0	0	0	0	0	0	0	0	0	0	0	0	0	0	0	0	0	0	0	0	0	0	0	0	0	0	0	0	0	0																																																	1099	979		340								1099	490		340								1099	320		340								1099	660		340								1	2		1								0	1159		4657								1099	660		340								Carl(a)	Carl(a)	0	0		0																																									0	0		0																														1099	3458		340								1099	3458		340								1099	3458		340								1099	3458		340								1	1		1								0	1159		4657								1099	3458		340								1099	3458		340								1099	3458		340								1099	3458		340								1099	3458		340								1	1		1								0	1159		4657								1099	3458		340								0		0			0														0	4		0									1099		4617								1099	4617											333,3		282,87								333,3	282,87									
Recording065	ProVisioNET_study_110_02	Female	Novice	snapshot_students	15	snapshot_students	83930	1074983	0	0	0	0	0	0	0	0	0	0	0	0	0	1	1	0	0	1	1	0	0	0	0	0	0	0	0	0	0	0	0	0	0	0	0	0	1	0	0	0	0	0	0	0	0	0	0	0														5823	1477			75195	65816																		74134												11053	3598		52369								1842	720		1496								120	200		80								4837	2199		7556								6	5		35								11313	6076		0								1059	560		800								Bianca	Bianca	0	0		0																																									0	0		0																														12653	3598		61744								4218	720		12349								120	200		2199								10654	2199		27923								3	5		5								11313	6076		0								1879	560		2439								12653	3598		61744								4218	720		12349								120	200		2199								10654	2199		27923								3	5		5								11313	6076		0								1879	560		2439								0		0			0														5	0		31								11233	8975		13452								13192	11233		2439								336,47	403,71		323,4								345,04	336,47		359,16							
Recording065	ProVisioNET_study_110_02	Female	Novice	snapshot_students	16	snapshot_students	3978	1164670	0	0	0	0	0	0	0	0	0	0	0	0	0	0	0	0	0	0	0	0	0	0	0	0	0	0	0	0	0	0	0	0	0	0	0	0	0	0	0	0	0	0	0	0	0	0	0	0																																																	2379	280		720								793	280		240								240	280		140								1459	280		300								3	1		3								0	1219		3098								240	280		280								Carl(a)	Carl(a)	0	0		0																																									0	0		0																														2638	280		879								1319	280		879								1179	280		879								1459	280		879								2	1		1								0	1219		3098								1179	280		879								2638	280		879								1319	280		879								1179	280		879								1459	280		879								2	1		1								0	1219		3098								1179	280		879								0		0			0														2	0		3								1499	1179		3018								1179	1499										337,31	300,78		389,96								300,78	337,31									
Recording065	ProVisioNET_study_110_02	Female	Novice	snapshot_students	17	snapshot_students	42975	1177502	0	0	0	0	0	0	0	0	0	0	0	0	0	0	0	0	0	0	0	0	0	0	0	0	0	0	0	0	0	0	0	0	0	0	0	0	0	0	0	0	0	0	0	0	0	0	0	0																																																	10534	5357		11213								958	893		3738								180	340		460								3238	1839		8055								11	6		3								0	8355		20628								600	340		460								Anna	Anna	0	0		0																																									0	0		0																														18889	7635		11233								3148	1527		5617								300	340		460								8315	4957		10774								6	5		2								0	8355		20628								8315	340		460								18889	7635		11233								3148	1527		5617								300	340		460								8315	4957		10774								6	5		2								0	8355		20628								8315	340		460								0		0			0														18	8		1								8695	8315		20548								8315	8695		21088								319,32	313,59		354,74								313,59	319,32		321,29							
Recording065	ProVisioNET_study_110_02	Female	Novice	snapshot_students	18	snapshot_students	30242	1225794	0	0	0	0	0	0	0	0	0	0	0	0	0	0	0	0	0	0	0	0	0	0	0	0	0	0	0	0	0	0	0	1	1	0	0	0	0	0	0	0	0	0	0	0	0	0	0	0																																14053	6349																3358	9414		320								840	554		320								200	100		320								1779	1939		320								4	17		1								0	440		859								400	380		320								Bianca	Bianca	0	0		0																																									0	0		0																														3378	17869		320								1126	4467		320								200	380		320								2778	13532		320								3	4		1								0	440		859								400	380		320								3378	17869		320								1126	4467		320								200	380		320								2778	13532		320								3	4		1								0	440		859								400	380		320								0		0			0														1	17		0								3778	400		820								400	820		1179								248,64	292,6		209,9								292,6	209,9		315,75							
Recording065	ProVisioNET_study_110_02	Female	Novice	snapshot_students	19	snapshot_students	1179	1264970	0	0	0	0	0	0	0	0	0	0	0	0	0	0	0	0	0	0	0	0	0	0	0	0	0	0	0	0	0	0	0	0	0	0	0	0	0	0	0	0	0	0	0	0	0	0	0	0																																																	0	0		1179											1179											1179											1179								0	0		1											0											1179								Carl(a)	Carl(a)	0	0		0																																									0	0		0																														0	0		1179											1179											1179											1179								0	0		1											0											1179								0	0		1179											1179											1179											1179								0	0		1											0											1179								0		0			0														0	0		0																																																			
Recording065	ProVisioNET_study_110_02	Female	Novice	snapshot_students	20	snapshot_students	2538	1274245	0	0	0	0	0	0	0	0	0	0	0	0	0	0	0	0	0	0	0	0	0	0	0	0	0	0	0	0	0	0	0	0	0	0	0	0	0	0	0	0	0	0	0	0	0	0	0	0																																																	1579	700		0								526	350										80	300										1139	400										3	2		0								0	520										80	400										Bianca	Bianca	0	0		0																																									0	0		0																														1599	700		0								800	350										460	300										1139	400										2	2		0								0	520										460	400										1599	700		0								800	350										460	300										1139	400										2	2		0								0	520										460	400										0		0			0														0	0		0								919	460										460	919										227,96	286,69										286,69	227,96									
Recording065	ProVisioNET_study_110_02	Female	Novice	snapshot_students	21	snapshot_students	16130	1282240	0	0	0	0	0	0	0	0	0	0	0	0	0	0	0	0	0	0	0	0	0	0	0	0	0	0	0	0	0	0	0	0	0	0	0	0	0	0	0	0	0	0	0	0	0	0	0	0																																																	1599	8155		1999								400	741		500								320	160		220								540	1639		1039								4	11		4								0	939		1499								320	520		380								Bianca	Bianca	0	0		0																																									0	0		0																														1659	10614		1999								553	1516		500								320	180		220								800	3638		1039								3	7		4								0	939		1499								320	520		380								1659	10614		1999								553	1516		500								320	180		220								800	3638		1039								3	7		4								0	939		1499								320	520		380								0		0			0														1	6		0								11533	1879		1459								4617	1459		1879								297,47	275,92		264,86								280,54	264,86		275,92							
Recording065	ProVisioNET_study_110_02	Female	Novice	snapshot_students	22	snapshot_students	3558	1306826	0	0	0	0	0	0	0	0	0	0	0	0	0	0	0	0	0	0	0	0	0	0	0	0	0	0	0	0	0	0	0	0	0	0	0	0	0	0	0	0	0	0	0	0	0	0	0	0																																																	0	200		2938									200		979									200		180									200		2539								0	1		3									0		220									200		180								Carl(a)	Carl(a)	0	0		0																																									0	0		0																														0	200		3338									200		3338									200		3338									200		3338								0	1		1									0		220									200		3338								0	200		3338									200		3338									200		3338									200		3338								0	1		1									0		220									200		3338								0		0			0														0	0		2											200									200													321,48									321,48									
Recording065	ProVisioNET_study_110_02	Female	Novice	snapshot_students	23	snapshot_students	1819	1316400	0	0	0	0	0	0	0	0	0	0	0	0	0	0	0	0	0	0	0	0	0	0	0	0	0	0	0	0	0	0	0	0	0	0	0	0	0	0	0	0	0	0	0	0	0	0	0	0																																																	0	0		1819											1819											1819											1819								0	0		1											0											1819								Carl(a)	Carl(a)	0	0		0																																									0	0		0																														0	0		1819											1819											1819											1819								0	0		1											0											1819								0	0		1819											1819											1819											1819								0	0		1											0											1819								0		0			0														0	0		0																																																			
Recording065	ProVisioNET_study_110_02	Female	Novice	snapshot_students	24	snapshot_students	9235	1324615	0	0	0	0	0	0	0	0	0	0	0	1	0	0	0	0	0	0	0	0	0	0	0	0	0	0	0	0	0	0	0	0	0	0	1	0	0	0	0	0	0	0	0	0	0	0	0	0												3943																							1414														5817	0		0								831											260											2219											7	0		0								0											680											Anna	Anna	0	0		0																																									0	0		0																														9235	0		0								9235											9235											9235											1	0		0								0											9235											9235	0		0								9235											9235											9235											1	0		0								0											9235											0		0			0														9	0		0																																																			
Recording065	ProVisioNET_study_110_02	Female	Novice	snapshot_students	25	snapshot_students	16330	1340126	0	0	0	0	0	0	0	0	0	0	1	0	0	0	0	0	0	0	0	0	0	0	0	0	0	0	0	0	0	0	0	0	0	0	0	0	0	0	0	0	0	0	0	0	0	0	0	0											11912																																						3278	4038		0								546	1009										280	180										1339	1819										6	4		0								40	8255										380	540										Bianca	Bianca	0	0		0																																									0	0		0																														10434	4297		0								3478	1432										879	180										8215	3578										3	3		0								0	8255										8215	540										10434	4297		0								3478	1432										879	180										8215	3578										3	3		0								0	8255										8215	540										0		0			0														6	2		0								11293	8215										8215	11293										352,84	306,38										306,38	352,84									
Recording065	ProVisioNET_study_110_02	Female	Novice	snapshot_students	26	snapshot_students	17190	1371387	0	0	0	0	0	0	0	0	0	0	0	0	0	0	0	0	0	0	0	0	0	0	0	0	0	0	0	0	0	0	0	0	0	0	0	0	0	0	0	0	0	0	0	0	0	0	0	0																																																	360	4957		2019								120	551		1009								100	140		939								140	1159		1079								3	9		2								9934	4757		0								120	260		939								Bianca	Bianca	0	0		0																																									0	0		0																														380	7496		2019								190	1874		1009								100	260		939								280	5497		1079								2	4		2								9934	4757		0								280	260		939								380	7496		2019								190	1874		1009								100	260		939								280	5497		1079								2	4		2								9934	4757		0								280	260		939								0		0			0														1	9		0								11493	6136		5017								10214	5017		6136								279,37	214,93		148,67								314,01	148,67		214,93							
Recording065	ProVisioNET_study_110_02	Female	Novice	snapshot_students	27	snapshot_students	40036	1399291	0	0	0	0	0	0	0	0	1	1	0	0	0	0	0	0	0	0	0	0	0	0	0	0	0	0	0	0	0	0	0	0	0	1	0	0	0	0	0	0	0	0	0	0	0	0	0	0									18905	12013																								17729															2459	6936		19828								615	867		1525								220	180		80								760	3218		6176								4	8		13								0	260		9994								220	380		540								Carl(a)	Carl(a)	0	0		0																																									0	0		0																														2459	8955		27084								615	1279		5417								220	180		1079								760	4297		16330								4	7		5								0	260		9994								220	4297		4138								2499	8955		27084								625	1279		5417								220	180		1079								800	4297		16330								4	7		5								0	260		9994								220	4297		4138								0		0			0														0	3		16								4557	220		9954								220	4557		14132								369,39	369,57		335,5								369,57	369,39		278,03							
Recording065	ProVisioNET_study_110_02	Female	Novice	snapshot_students	28	snapshot_students	200	1446023	0	0	0	0	0	0	0	0	0	0	0	0	0	0	0	0	0	0	0	0	0	0	0	0	0	0	0	0	0	0	0	0	0	0	0	0	0	0	0	0	0	0	0	0	0	0	0	0																																																	0	0		200											200											200											200								0	0		1											0											200								Carl(a)	Carl(a)	0	0		0																																									0	0		0																														0	0		200											200											200											200								0	0		1											0											200								0	0		200											200											200											200								0	0		1											0											200								0		0			0														0	0		0																																																			
Recording065	ProVisioNET_study_110_02	Female	Novice	snapshot_students	29	snapshot_students	4957	1451380	0	0	0	0	0	0	0	0	0	0	0	0	0	0	0	0	0	0	0	0	0	0	0	0	0	0	0	0	0	0	0	0	0	0	0	0	0	0	0	0	0	0	0	0	0	0	0	0																																																	0	0		4957											4957											4957											4957								0	0		1											0											4957								Carl(a)	Carl(a)	0	0		0																																									0	0		0																														0	0		4957											4957											4957											4957								0	0		1											0											4957								0	0		4957											4957											4957											4957								0	0		1											0											4957								0		0			0														0	0		0																																																			
Recording065	ProVisioNET_study_110_02	Female	Novice	snapshot_students	30	snapshot_students	50630	1469829	0	0	0	0	0	0	0	0	0	0	0	0	0	0	0	0	0	0	0	0	0	0	0	0	0	0	0	0	0	0	0	0	0	0	0	0	0	0	0	0	0	0	0	0	0	0	0	0																																																	4457	12852		4257								557	676		426								280	140		120								1219	2618		859								8	19		10								40	440		18509								360	380		859								Bianca	Bianca	0	0		0																																									0	0		0																														4477	17470		5996								640	2184		1199								280	160		280								1599	10674		3518								7	8		5								40	440		18509								360	380		3518								4517	17470		5996								645	2184		1199								280	160		280								1599	10674		3518								7	8		5								0	440		18509								400	380		3518								0		0			0														1	18		3								1119	400		18469								400	820		26564								227,99	364,69		104,94								364,69	402,75		228,7							
Recording065	ProVisioNET_study_110_02	Female	Novice	snapshot_students	31	snapshot_students	2219	1527535	0	0	0	0	0	0	0	0	0	0	0	0	0	0	0	0	0	0	0	0	0	0	0	0	0	0	0	0	0	0	0	0	0	0	0	0	0	0	0	0	0	0	0	0	0	0	0	0																																																	0	0		1179											590											380											800								0	0		2											0											380								Carl(a)	Carl(a)	0	0		0																																									0	0		0																														0	0		2219											2219											2219											2219								0	0		1											0											2219								0	0		2219											2219											2219											2219								0	0		1											0											2219								0		0			0														0	0		2																																																			
Recording065	ProVisioNET_study_110_02	Female	Novice	snapshot_students	32	snapshot_students	12892	1535490	0	0	0	0	0	0	0	0	0	0	0	0	0	0	0	0	0	0	0	0	0	0	0	0	0	0	0	0	0	0	0	0	0	0	0	0	0	0	0	0	0	0	0	0	0	0	0	0																																																	1179	1739		1539								236	290		770								120	120		460								420	540		1079								5	6		2								0	780		979								420	160		1079								Anna	Anna	0	0		0																																									0	0		0																														1219	3178		1539								406	795		770								160	160		460								720	2279		1079								3	4		2								0	780		979								720	160		1079								1219	3178		1539								406	795		770								160	160		460								720	2279		1079								3	4		2								0	780		979								720	160		1079								0		0			0														2	4		0								4777	720		939								720	939		2059								313,7	387,38		219,81								387,38	219,81		210,87							
Recording065	ProVisioNET_study_110_02	Female	Novice	snapshot_students	33	snapshot_students	21527	1555318	0	0	0	0	0	0	0	0	0	0	0	0	0	0	0	0	0	0	0	0	0	0	0	0	0	1	0	0	0	0	0	0	0	0	0	0	0	0	0	0	0	0	0	0	0	0	0	0																										20755																							2499	5197		4317								500	433		617								200	140		380								999	1459		919								5	12		7								7595	2898		0								360	180		480								Anna	Anna	0	0		0																																									0	0		0																														2499	5657		4377								500	566		730								200	140		380								999	2499		1579								5	10		6								7595	2898		0								360	2499		480								2499	5657		4377								500	566		730								200	140		380								999	2499		1579								5	10		6								7595	2898		0								360	2499		480								0		0			0														0	2		1								7536	7156		6536								7955	5397		480								344,12	213,04		286,86								406,4	343,19		222,89							
Recording065	ProVisioNET_study_110_02	Female	Novice	Entire Recording	1	fullstream	1739708	0	0	1	1	1	1	1	1	1	1	1	1	1	1	1	1	1	1	1	1	1	1	1	1	1	1	1	1	1	1	1	1	1	1	1	1	1	1	0	1	0	1	1	1	1	1	1	1	1		519991	516320	489991	1680639	1673181	1650639	1441304	1418195	1411304	1352038	1328558	1321550	1080806	1076460	1050806	1170799	1150178	1140799	991492	991492	961492	720559	693033	690559	1576073	520447	1738902	1734133	1708902	1262142	1239847	1232142	1417020	1326029	1069894	1149117		693739		781296	877894	810345	782953	780345	900900	879192	870900	175517	170919	258488	181553	59365	40896	18309	21287	3618	3278	2918	981	777	401	1365	360	974	964	453	201	193	224	80	80	80	80	80	80	120	100	80	100	160	6576	9235	6916	11433	5797	5936	5936	2698	320	320	420	179	220	644	133	165	42	19	47	18	17	13	521208	521628	526705	521028	523806	691448	1009561	580154	600022	566462	692048	380	760	140	140	380	260	620	340	220	200	160	Anna		0	0	0	0	0	0	0	0	0	0	0																																		0	0	0	0	0	0	0	0	0	0	0																							176656	172258	291248	184191	62343	41555	18309	22467	3618	3278	2918	1210	968	1955	1806	503	1662	964	1182	201	193	224	80	100	80	80	80	180	120	140	80	100	160	8395	11493	8035	11433	7016	7196	5936	4797	320	320	420	146	178	149	102	124	25	19	19	18	17	13	521208	521628	526705	521028	523806	691448	1009561	580154	600022	566462	692048	380	760	140	140	2359	260	620	340	220	200	160	182872	180474	296765	188549	67400	42695	18909	23566	4317	3998	3458	1253	1014	1992	1849	544	1708	995	1240	240	235	266	100	140	100	140	80	260	180	200	100	140	180	8435	11533	8055	11473	7056	7236	5976	4837	340	400	480	146	178	149	102	124	25	19	19	18	17	13	521168	521588	526665	520968	523726	691448	1009521	580074	599982	566422	692028	420	800	180	200	2439	260	660	420	260	240	180	1304113	593	2201	140	3,85878	1731	236,5	100,1	707,91	100,59	9,48	0,5	43,09	16401,92	1429	233,06	304,23	262,94	20,74	28	32	412	21	28	16	0	28	0	0	0	521168	521588	589748	520968	526865	692468	1009521	580074	599982	566422	692028	521588	522387	600721	521168	526165	781396	1010181	773460	756430	566661	692208	119,28	215,36	234,34	289,33	276,75	188,66	257,95	438,27	317,25	154,86	126,48	215,36	230,91	270,79	119,28	331,18	213,89	326,94	339,01	258,68	236,76	350,24
Recording067	ProVisioNET_study_111_03	Female	Novice	Calibration_phase1	1	fullstream	12635	478053	0	0	0	1	0	0	0	0	0	0	0	0	0	0	0	0	0	0	0	0	0	0	0	0	0	0	0	0	0	0	0	0	0	0	0	0	0	0	0	0	0	0	0	0	0	0	0	0				0																																																																																																																																																																																																																																																																																																																																																																			8555	407	21	160	6,37051	18	297,18	131,33	587,24	129,43	12,04	2,04	26,71	216,78	2259	38,25	203,78	203,78	14,12																																																							
Recording067	ProVisioNET_study_111_03	Female	Novice	Calibration_phase1_fix	1	fullstream	30000	478053	0	0	1	1	0	0	0	0	0	0	0	0	0	0	0	0	0	0	0	0	0	0	0	0	0	0	1	0	0	0	0	0	0	0	0	0	0	0	0	0	0	0	0	0	0	0	0	0			12635	0																							14822																								457		959									114		107									18		80									220		140									4		9									29243		14971									100		140							Board_Screen	Board_Screen			0		0																																										0		0																															757		13352									757		13352									757		13352									757		13352									1		1									29243		14971									757		13352									757		13352									757		13352									757		13352									757		13352									1		1									29243		14971									757		13352							9295	344	27	160	6,33088	22	275,71	131,33	587,24	127	10,9	2,04	26,71	239,72	2259	38,25	203,78	203,78	14,12			1		3																																																		
Recording067	ProVisioNET_study_111_03	Female	Novice	Calibration_phase2	1	fullstream	8416	1657856	0	0	0	0	0	0	1	0	0	0	0	0	0	0	0	0	0	0	0	0	0	0	0	0	0	0	0	0	0	0	0	0	0	0	0	0	0	0	0	0	0	0	0	0	0	0	0	0							0																																																																																																																																																																																																																																																																																																																																																																6516	592	11	520	5,99745	8	358,12	126,98	608,18	148,97	15,71	5,21	41,22	125,71	695	152,91	126,98	126,98	5,21																																																							
Recording067	ProVisioNET_study_111_03	Female	Novice	Calibration_phase2_fix	1	fullstream	30000	1657856	0	0	0	0	0	1	1	0	0	0	0	0	0	0	0	0	0	0	0	0	0	0	0	0	0	0	0	0	0	0	0	0	0	0	0	0	0	0	0	0	0	0	0	0	0	0	0	0						8416	0																																																																																																																																																																																																																																																																																																																																																																20947	427	49	520	6,11149	32	276,86	103,3	608,18	109,35	10,83	3,54	41,22	346,59	695	152,91	126,98	126,98	5,21																																																							
Recording067	ProVisioNET_study_111_03	Female	Novice	Chatting_with_neighbour	1	fullstream	3141	1414414	0	0	0	0	0	0	0	0	0	1	0	0	0	0	0	0	0	0	0	0	0	0	0	0	0	0	0	0	0	0	0	0	0	1	0	0	0	0	0	0	0	0	0	0	0	0	0	0										0																								2006															0	2157		0		640		180		440			1079				640		180		220			640				640		180		120			1518				640		180		320		0	2		0		1		1		2			265				265		45		944			640				640		180		320		Bianca	Bianca	0	0		0		0		0		0																																			0	0		0		0		0		0																								0	2157		0		640		180		620			1079				640		180		620			640				640		180		620			1518				640		180		620		0	2		0		1		1		1			265				265		45		944			640				640		180		620		0	2217		0		680		225		660			1109				680		225		660			680				680		225		660			1538				680		225		660		0	2		0		1		1		1			225				225		0		904			680				680		225		660		1139	380	3	180	5,61655	2	414,67	183,94	645,4	326,3	16,05	13,01	19,08	32,09	225	122,41	645,4	530,25	19,08	0	0		0		0		0		0			225				225				904			904				904		225					645,4				645,4				183,94			183,94				183,94		645,4			
Recording067	ProVisioNET_study_111_03	Female	Novice	Chatting_with_neighbour_fix	1	fullstream	30000	1414414	0	0	0	0	0	0	0	0	1	1	0	0	0	0	0	0	0	0	0	0	0	0	0	0	0	0	0	0	0	0	0	0	0	1	0	0	0	0	0	0	0	0	0	0	0	0	0	0									3141	0																								2006															4297	13452	473	360	819	640		680	200	520		477	961	237	180	137	640		227	200	173		80	180	74	80	80	640		180	200	80		2299	3578	400	280	160	640		260	200	320		9	14	2	2	6	1		3	1	3		12737	265	23591	15356	10758	265		45	16595	944		80	640	400	280	160	640		180	200	320		Board_Screen	Board_Screen	0	0	0	0	0	0		0	0	0																																			0	0	0	0	0	0		0	0	0																								5417	14112	473	360	819	640		700	200	700		677	1283	237	180	137	640		350	200	350		80	180	74	80	80	640		180	200	80		2299	4537	400	280	160	640		520	200	620		8	11	2	2	6	1		2	1	2		12737	265	23591	15356	10758	265		45	16595	944		80	640	400	280	160	640		180	200	620		5857	14591	513	480	1079	680		764	260	740		732	1326	257	240	180	680		382	260	370		100	260	94	120	100	680		225	260	80		2359	4557	420	360	260	680		540	260	660		8	11	2	2	6	1		2	1	2		12717	225	23571	15276	10718	225		0	16535	904		100	680	420	360	200	680		225	260	660		12073	402	30	180	5,50204	12	336,97	140,91	710,03	192,5	10,91	1,22	20,77	130,97	225	122,41	645,4	530,25	19,08	0	0	0	0	0	0		1	0	0		16095	225	29907	17674	17514	225				904		16995	904			10918	904		225	16795			161,9	645,4	478,7	140,91	393,89	645,4				183,94		397,71	183,94			223,95	183,94		645,4	305,12		
Recording067	ProVisioNET_study_111_03	Female	Novice	Clicking_pen	1	fullstream	15603	1144962	0	0	0	0	0	0	0	0	0	0	0	0	1	0	0	0	0	0	0	0	0	0	0	0	0	0	0	0	0	0	0	0	0	0	1	0	0	0	0	0	0	0	0	0	0	0	0	0													0																						12335														320	2553	620	4375	2479	2793		380			80	320	365	207	486	225	349		380			80	320	140	100	77	80	140		380			80	320	680	380	1439	1019	680		380			80	1	7	3	9	11	8		1			1	11291	11670	8832	0	3715	11670		10891			6494	320	680	100	77	260	680		380			80	Bianca,Disruptive_Person	Bianca,Disruptive_Person	0	0	0	0	0	0		0			0																																		0	0	0	0	0	0		0			0																							320	2613	720	5774	2758	3113		380			80	320	523	720	1925	460	778		380			80	320	195	720	400	100	195		380			80	320	919	720	3395	1019	1319		380			80	1	5	1	3	6	4		1			1	11291	11670	8832	0	3715	11670		10891			6494	320	680	720	3395	260	680		380			80	340	2773	740	5934	2858	3253		440			80	340	555	740	1978	476	813		440			80	340	255	740	440	120	255		440			80	340	919	740	3395	1039	1339		440			80	1	5	1	3	6	4		1			1	11271	11610	8812	0	3715	11610		10831			6494	340	740	740	3395	260	740		440			80	8575	373	23	879	5,57914	15	215,27	101,01	399,58	107,23	8,54	1,61	18,69	128,04	217	98,61	306,26	200,92	10,33	0	2	1	2	2	3		0			0	11271	11610		6573	8113	11610						11610	12350	9552			12350		11271			6573	399,58	330,84		289,69	119,69	330,84						330,84	122,07	127,96			122,07		399,58			289,69
Recording067	ProVisioNET_study_111_03	Female	Novice	Clicking_pen_fix	1	fullstream	30000	1144962	0	0	0	0	0	0	0	0	0	0	0	1	1	0	0	0	0	0	0	0	0	0	0	0	0	0	0	0	0	0	0	0	0	0	1	0	0	0	0	0	0	0	0	0	0	0	0	0												15603	0																						12335														320	4217	5497	6693	4178	3098		600			180	320	422	550	558	298	387		200			90	320	140	100	77	80	140		80			80	320	859	1899	1439	1320	680		380			100	1	10	10	12	14	8		3			2	11291	11670	8832	0	3715	11670		10891			6494	320	680	100	77	260	680		380			80	Classroom_Others	Classroom_Others	0	0	0	0	0	0		0			0																																		0	0	0	0	0	0		0			0																							320	4597	5896	8412	4458	3418		620			180	320	766	2948	2103	495	854		310			90	320	320	720	400	100	500		240			80	320	1679	5177	3395	1320	1319		380			100	1	6	2	4	9	4		2			2	11291	11670	8832	0	3715	11670		10891			6494	320	680	720	3395	260	680		380			80	340	4777	5936	8632	4738	3558		720			260	340	796	2968	2158	526	889		360			130	340	340	740	440	120	560		280			80	340	1699	5197	3395	1380	1339		440			180	1	6	2	4	9	4		2			2	11271	11610	8812	0	3715	11610		10831			6494	340	740	740	3395	260	740		440			80	18049	451	40	879	5,55003	22	209,13	101,01	399,58	99,34	7,61	1,61	18,69	167,35	217	98,61	306,26	200,92	10,33	0	3	5	2	2	3		1			0	11271	11610		6573	8113	11610						11610	12350	9552			12350		11271			6573	399,58	330,84		289,69	119,69	330,84						330,84	122,07	127,96			122,07		399,58			289,69
Recording067	ProVisioNET_study_111_03	Female	Novice	Drawing	1	fullstream	13352	1234418	0	0	0	0	0	0	0	0	0	0	0	0	0	0	0	1	0	0	0	0	0	0	0	0	0	0	0	0	0	0	0	0	0	0	0	1	0	0	0	0	0	0	0	0	0	0	0	0																0																				10422													0	200	7984	2011		2718	1299				240		200	1597	670		906	650				240		200	160	100		460	460				240		200	6196	1419		1419	839				240	0	1	5	3		3	2				1		9163	0	9003		9423	9423				10302		200	308	100		839	839				240	Carl(a)	Carl(a)	0	0	0	0		0	0				0																																		0	0	0	0		0	0				0																							0	200	8343	2011		2898	1299				240		200	8343	670		1449	650				240		200	8343	100		839	460				240		200	8343	1419		2059	839				240	0	1	1	3		2	2				1		9163	0	9003		9423	9423				10302		200	8343	100		839	839				240	0	260	8343	2171		3018	1359				280		260	8343	724		1509	680				280		260	8343	120		899	460				280		260	8343	1479		2119	899				280	0	1	1	3		2	2				1		9103	0	8983		9363	9363				10262		260	8343	120		899	899				280	9075	1134	8	160	5,41326	6	299,72	111,47	733,61	240,25	7,44	3,91	15,61	44,64	308	53,19	111,47	111,47	5,74	0	0	2	0		0	0				0		9103		10542		9363	9363				10262		9363		9103		10262	10262				10542		431,29		180,56		733,61	733,61				177,97		733,61		431,29		177,97	177,97				180,56
Recording067	ProVisioNET_study_111_03	Female	Novice	Drawing_fix	1	fullstream	30000	1234418	0	0	0	0	0	0	0	0	0	0	0	0	0	0	1	1	0	0	0	0	0	0	0	0	0	0	0	0	0	0	0	0	0	0	0	1	0	0	0	0	0	0	0	0	0	0	0	0															13352	0																				10422													0	899	8233	12413	320	2718	1299				460		300	1372	730	107	906	650				230		200	160	100	80	460	460				220		360	6196	2059	140	1419	839				240	0	3	6	17	3	3	2				2		9163	0	9003	29211	9423	9423				10302		200	308	100	140	839	839				240	Board_Screen	Board_Screen	0	0	0	0	0	0	0				0																																		0	0	0	0	0	0	0				0																							0	899	8593	15131	360	2898	1299				460		300	4297	2162	360	1449	650				230		200	250	100	360	839	460				220		360	8343	6196	360	2059	839				240	0	3	2	7	1	2	2				2		9163	0	9003	29211	9423	9423				10302		200	8343	100	360	839	839				240	0	1039	8613	15431	380	3018	1359				560		346	4307	2204	380	1509	680				280		260	270	120	380	899	460				280		420	8343	6196	380	2119	899				280	0	3	2	7	1	2	2				2		9103	0	8983	29191	9363	9363				10262		260	8343	120	380	899	899				280	20508	760	27	160	5,51408	12	294,33	111,47	733,61	178,98	8,83	3,82	18,73	105,99	308	53,19	111,47	111,47	5,74	0	0	2	2	2	0	0				0		9103		10542		9363	9363				10262		9363		9103		10262	10262				10542		431,29		180,56		733,61	733,61				177,97		733,61		431,29		177,97	177,97				180,56
Recording067	ProVisioNET_study_111_03	Female	Novice	Drumming_with_hands	1	fullstream	4169	964802	0	0	0	0	0	0	0	0	0	0	0	0	0	0	0	0	0	0	1	0	0	0	0	0	0	0	0	0	0	0	0	0	0	0	0	0	1	0	0	0	0	0	0	0	0	0	0	0																			0																		2864												3210	0		0		3210			420			802					802			420			424					424			420			1587					1587			420			4	0		0		4			1			0					0			484			424					424			420			Anna,Disruptive_Person	Anna,Disruptive_Person	0	0		0		0			0																																				0	0		0		0			0																									3630	0		0		3630			420			1815					1815			420			424					424			420			3206					3206			420			2	0		0		2			1			0					0			484			424					424			420			3690	0		0		3690			480			1845					1845			480			424					424			480			3266					3266			480			2	0		0		2			1			0					0			424			424					424			480			1619	540	3	420	5,52993	2	303,01	281,85	324,18	29,93	12,09	12,08	12,09	24,17	424	287,51	324,18	194,34	12,09	0	0		0		0			0			904					904			424			424					424			904			281,85					281,85			324,18			324,18					324,18			281,85		
Recording067	ProVisioNET_study_111_03	Female	Novice	Drumming_with_hands_fix	1	fullstream	30000	964802	0	0	0	0	0	0	0	0	0	0	0	0	0	0	0	0	0	1	1	0	0	0	0	0	0	0	0	0	0	0	0	0	0	0	0	0	1	0	0	0	0	0	0	0	0	0	0	0																		4169	0																		2864												5301	10327	7136	680	160	3822			420			884	1147	476	680	80	956			420			424	80	80	680	80	424			420			2199	3918	2319	680	80	2199			420			6	9	15	1	2	4			1			0	5841	5321	16375	7380	0			484			424	680	80	680	80	424			420			Bianca	Bianca	0	0	0	0	0	0			0																																				0	0	0	0	0	0			0																									5721	10447	7236	680	160	4242			420			1430	1306	724	680	80	2121			420			424	160	140	680	80	424			420			3818	4118	2978	680	80	3818			420			4	8	10	1	2	2			1			0	5841	5321	16375	7380	0			484			424	680	280	680	80	424			420			5881	10827	7735	700	240	4302			480			1470	1353	774	700	120	2151			480			424	240	160	700	120	424			480			3878	4118	3018	700	120	3878			480			4	8	10	1	2	2			1			0	5761	5321	16355	7340	0			424			424	760	280	700	120	424			480			19209	711	27	420	5,31155	13	315,96	108,91	722,76	185,05	13,13	2,49	28,55	170,66	424	287,51	324,18	194,34	12,09	0	1	4	0	0	0			0			904	9099	25169			904			424			424	25169	9099		7460	424			904			281,85	611,6	722,76			281,85			324,18			324,18	722,76	611,6		303,82	324,18			281,85		
Recording067	ProVisioNET_study_111_03	Female	Novice	Head_on_table	1	fullstream	3586	783519	0	0	0	0	0	0	0	0	0	0	0	0	0	0	0	0	0	0	0	0	0	1	0	0	0	0	0	0	0	0	0	0	0	0	0	0	0	1	0	0	0	0	0	0	0	0	0	0																						0																2303											0	2733		0	200	2733							342			200	342							80			200	80							600			200	600						0	8		0	1	8							0			534	0							494			200	494						Bianca,Disruptive_Person		0	0		0	0	0																																							0	0		0	0	0																												0	3173		0	200	3173							1586			200	1586							494			200	494							2678			200	2678						0	2		0	1	2							0			534	0							494			200	494						0	3253		0	240	3253							1626			240	1626							494			240	494							2758			240	2758						0	2		0	1	2							0			494	0							494			240	494						2239	320	7	200	5,56492	6	207,86	105,53	386,75	134,56	8,26	1,76	14,33	49,53	494	302,88	386,75	286,33	11,68	0	4		0	0	4							734			494	734							494			734	494							374,67			386,75	374,67							386,75			374,67	386,75					
Recording067	ProVisioNET_study_111_03	Female	Novice	Head_on_table_fix	1	fullstream	30000	783519	0	0	0	0	0	0	0	0	0	0	0	0	0	0	0	0	0	0	0	0	1	1	0	0	0	0	0	0	0	0	0	0	0	0	0	0	0	1	0	0	0	0	0	0	0	0	0	0																					3586	0																2303											4177	2733	6979	1359	2898	2733	1059	520	380			418	342	634	340	242	342	1059	173	380			120	80	100	220	100	80	1059	80	380			1739	600	3538	440	640	600	1059	280	380			10	8	11	4	12	8	1	3	1			7710	0	22341	7190	534	0	8170	10109	11648			360	494	240	280	200	494	1059	280	380			Board_Screen	Board_Screen	0	0	0	0	0	0	0	0	0																																				0	0	0	0	0	0	0	0	0																									4297	3173	7659	1359	4118	3173	1059	560	380			859	1586	7659	340	824	1586	1059	560	380			220	494	7659	220	120	494	1059	560	380			2778	2678	7659	440	2798	2678	1059	560	380			5	2	1	4	5	2	1	1	1			7710	0	22341	7190	534	0	8170	10109	11648			360	494	7659	280	200	494	1059	560	380			4557	3253	7699	1559	4357	3253	1079	600	400			911	1626	7699	390	871	1626	1079	600	400			240	494	7699	220	200	494	1079	600	400			2878	2758	7699	520	2798	2758	1079	600	400			5	2	1	4	5	2	1	1	1			7670	0	22301	7170	494	0	8150	10069	11628			400	494	7699	300	240	494	1079	600	400			19169	408	47	200	5,43357	29	225,17	102,44	438,3	122,25	8,5	1,76	18,16	246,51	494	302,88	386,75	286,33	11,68	5	4	7	0	3	4	0	2	0			9229	734		7170	494	734			11628			11628	494		13147	734	494	9229					115,84	374,67		200,33	386,75	374,67			211,46			211,46	386,75		356,97	374,67	386,75	115,84				
Recording067	ProVisioNET_study_111_03	Female	Novice	Heckling	1	fullstream	4285	874710	0	0	0	0	0	0	0	0	0	0	0	0	0	0	0	0	0	0	0	0	0	0	0	0	1	0	0	0	0	0	0	0	0	0	0	0	0	0	0	0	0	0	0	0	0	0	0	0																									0																								0	0		2259	400	2638	220	430							452	200	377	220	215							180	160	160	220	170							1039	240	1039	220	260				0	0		5	2	7	1	2							490	2249	490	1549	0							1039	240	1039	220	170				Carl(a),Disruptive_Person		0	0		0	0	0	0	0																																					0	0		0	0	0	0	0																										0	0		2456	400	2915	220	450							614	200	972	220	450							180	160	360	220	450							1039	240	1619	220	450				0	0		4	2	3	1	1							490	2249	490	1549	0							1039	240	1619	220	450				0	0		2576	560	2995	240	450							644	280	998	240	450							220	180	400	240	450							1079	380	1659	240	450				0	0		4	2	3	1	1							450	2109	450	1529	0							1079	380	1659	240	450				3178	353	9	260	5,57176	7	274,99	113,63	691,69	216,74	6,07	0,93	11,86	42,52	170	240,9	147,31	147,31	5,18	0	0		1	0	4	0	1							450	2109	450	1529								1529		2109	1769	450							455,5	691,69	455,5	169,39								169,39		691,69	145,05	455,5			
Recording067	ProVisioNET_study_111_03	Female	Novice	Heckling_fix	1	fullstream	30000	874710	0	0	0	0	0	0	0	0	0	0	0	0	0	0	0	0	0	0	0	0	0	0	0	1	1	0	0	0	0	0	0	0	0	0	0	0	0	0	1	0	0	0	0	0	0	0	0	0																								4285	0														6987										3058	1119	4098	4997	1779	3238	220	1989	460			306	280	341	500	198	405	220	221	460			100	180	80	80	80	160	220	80	460			1139	420	939	1279	440	1039	220	360	460			10	4	12	10	9	8	1	9	1			14262	10244	12223	490	2249	490	1549	0	27014			380	180	500	1039	240	1039	220	170	460			Anna		0	0	0	0	0	0	0	0	0																																				0	0	0	0	0	0	0	0	0																									3118	1119	4557	5757	2119	3778	220	2209	460			445	280	1519	959	353	1259	220	368	460			100	180	140	180	160	360	220	80	460			1299	420	3338	2239	740	1799	220	600	460			7	4	3	6	6	3	1	6	1			14262	10244	12223	490	2249	490	1549	0	27014			380	180	1079	1039	240	1619	220	450	460			3418	1399	4765	5917	2459	3858	240	2269	500			488	350	1191	986	410	1286	240	378	500			140	280	108	220	180	400	240	100	500			1339	460	3378	2239	760	1799	240	600	500			7	4	4	6	6	3	1	6	1			14162	10144	12223	450	2109	450	1529	0	26974			480	280	1079	1079	380	1659	240	450	500			15891	324	49	260	5,41669	27	263,84	100,54	691,69	162,96	7,68	0,93	19,75	207,28	170	240,9	147,31	147,31	5,18	3	0	7	2	1	4	0	2	0			16200	15741		450	2109	450	1529	21797	26974			26974	16200		1529		2109	1769	450	27474			422,45	577,81		455,5	691,69	455,5	169,39	111,59	334,12			334,12	422,45		169,39		691,69	145,05	455,5	374,93		
Recording067	ProVisioNET_study_111_03	Female	Novice	Lesson	1	fullstream	1108743	492875	0	1	0	0	0	0	0	1	1	1	1	1	1	1	1	1	1	1	1	1	1	1	1	1	1	0	1	0	0	0	1	1	1	1	1	1	1	1	1	0	1	1	1	1	1	1	1	1		15178						951539	924680	921538	682087	667689	652087	771543	754895	741542	501927	476096	471927	320644	294229	290644	411835	386119	381834		0				862601	862718	832600	923544	664422	751964	474791	292946	388821		202124	572165	231248	202895	201248	598363	573924	568363	115492	145214	184310	87408	61603	23326	45573	110674	3978	3038	3078	500	530	614	453	254	542	543	490	306	304	220	80	60	80	80	80	80	80	80	160	80	80	3978	4617	6996	3378	2818	2199	2399	2758	460	600	400	231	274	300	193	243	43	84	226	13	10	14	15900	27793	14420	18978	149	202110	20977	16979	100770	148262	120158	220	180	100	140	140	580	979	340	160	600	340	Classroom_Others		0	0	0	899	0	899	0	0	0	0	0				899		899									899		899									899		899						0	0	0	1	0	1	0	0	0	0	0				568833		568833									899		899						139417	161384	198822	102619	89879	25985	50390	121787	3978	3238	3078	968	863	2093	892	545	1181	2016	1997	306	405	220	80	80	80	80	80	220	100	80	160	80	80	9215	5117	12393	6196	13352	3818	15031	17250	460	660	400	144	187	95	115	165	22	25	61	13	8	14	15900	27793	14420	18978	149	202110	20977	16979	100770	148262	120158	460	180	899	400	13352	580	979	340	160	600	340	146453	171138	202839	107676	96555	26824	51190	124086	4537	3498	3658	1017	915	2135	936	585	1219	2048	2034	349	437	261	100	120	100	100	80	300	160	100	180	80	80	9274	5177	12433	6196	13352	3878	15051	17270	500	700	440	144	187	95	115	165	22	25	61	13	8	14	15860	27773	14420	18878	149	202110	20957	16959	100750	148222	120119	500	200	899	500	13352	580	999	360	180	640	380	640160	476	1346	120	5,30319	752	261,55	100,33	1064,57	145,29	8,83	0,59	29,69	6641,44	549	321,85	247,75	233,49	9,86	43	41	146	31	29	11	42	124	0	1	0	15860	64771	423740	74865	21956	291378	20957	176565	302271	148222	120119	20957	27973	422200	75125	15860	291138	21956	382284	360417	337670	355660	447,45	262,45	219,74	371,96	100,96	374,67	186,07	500,44	211,46	290,65	378,91	186,07	199,21	122,83	515,29	447,45	386,75	100,96	455,5	351,27	531,22	298,7
Recording067	ProVisioNET_study_111_03	Female	Novice	Looking_at_phone	1	fullstream	30118	1325476	0	0	0	0	0	0	0	0	0	0	0	0	0	0	0	0	0	0	0	0	0	0	0	0	0	0	0	0	0	0	1	0	1	0	0	0	0	0	0	0	0	0	0	0	0	0	0	0																															30000		0																220	6816	8515	1839	2379	220		280			200	220	487	568	306	216	220		93			200	220	80	80	80	80	220		80			200	220	2099	3378	560	480	220		120			200	1	14	15	6	11	1		3			1	14008	76	7571	18785	3414	14008		16966			24221	220	1679	540	360	220	220		80			200	Board_Screen	Board_Screen	0	0	0	0	0	0		0			0																																		0	0	0	0	0	0		0			0																							220	8211	9134	2758	3078	220		320			200	220	1026	2284	690	440	220		320			200	220	140	80	120	100	220		320			200	220	3458	5377	1159	760	220		320			200	1	8	4	4	7	1		1			1	14008	0	7571	18785	3414	14008		16966			24221	220	3214	5377	360	560	220		320			200	300	8471	9234	3018	3218	300		380			260	300	1059	2309	755	460	300		380			260	300	140	100	200	100	300		380			260	300	3498	5437	1239	760	300		380			260	1	8	4	4	7	1		1			1	13928	0	7511	18705	3414	13928		16906			24161	300	3214	5437	440	560	300		380			260	18649	424	44	1679	5,31702	19	206,94	106,16	440,82	113,21	6,97	0,91	21,67	132,34	2834	215,75	111,18	106,59	6	0	2	7	0	1	0		2			0		6132		24681	6672						24161	14227	6452		24161	5712	14227							440,82		112,77	158,15						375,17	367,85	145,59		375,17	307,33	367,85					
Recording067	ProVisioNET_study_111_03	Female	Novice	Looking_at_phone_fix	1	fullstream	30000	1325476	0	0	0	0	0	0	0	0	0	0	0	0	0	0	0	0	0	0	0	0	0	0	0	0	0	0	0	0	0	0	0	0	1	0	0	0	0	0	0	0	0	0	0	0	0	0	0	0																																	0																220	6816	8397	1839	2379	220		280			200	220	487	560	306	216	220		93			200	220	80	80	80	80	220		80			200	220	2099	3378	560	480	220		120			200	1	14	15	6	11	1		3			1	14008	76	7571	18785	3414	14008		16966			24221	220	1679	540	360	220	220		80			200	Board_Screen	Board_Screen	0	0	0	0	0	0		0			0																																		0	0	0	0	0	0		0			0																							220	8211	9017	2758	3078	220		320			200	220	1026	2254	690	440	220		320			200	220	140	80	120	100	220		320			200	220	3458	5377	1159	760	220		320			200	1	8	4	4	7	1		1			1	14008	0	7571	18785	3414	14008		16966			24221	220	3214	5377	360	560	220		320			200	300	8471	9117	3018	3218	300		380			260	300	1059	2279	755	460	300		380			260	300	140	100	200	100	300		380			260	300	3498	5437	1239	760	300		380			260	1	8	4	4	7	1		1			1	13928	0	7511	18705	3414	13928		16906			24161	300	3214	5437	440	560	300		380			260	18649	424	44	1679	5,31702	19	206,94	106,16	440,82	113,21	6,97	0,91	21,67	132,34	2834	215,75	111,18	106,59	6	0	2	7	0	1	0		2			0		6132		24681	6672						24161	14227	6452		24161	5712	14227							440,82		112,77	158,15						375,17	367,85	145,59		375,17	307,33	367,85					
Recording067	ProVisioNET_study_111_03	Female	Novice	Snipping_with_fingers	1	fullstream	1648	694123	0	0	0	0	0	0	0	0	0	0	0	0	0	0	0	0	0	0	0	0	0	0	0	0	0	0	0	0	0	0	0	0	0	0	0	0	0	0	0	0	1	0	0	0	1	0	0	0																																									876				0				822	0		0		580						411					580						243					580						580					580						2	0		0		1						0					862						243					580						Anna,Disruptive_Person		0	0		0		0																																							0	0		0		0																												1442	0		0		580						1442					580						1442					580						1442					580						1	0		0		1						0					862						1442					580						1442	0		0		580						1442					580						1442					580						1442					580						1	0		0		1						0					862						1442					580						0		0			0														0	0		0		0																																																	
Recording067	ProVisioNET_study_111_03	Female	Novice	Snpping_with_fingers_fix	1	fullstream	30000	694123	0	0	0	0	0	0	0	0	0	0	0	0	0	0	0	0	0	0	0	0	0	0	0	0	0	0	0	0	0	0	0	0	0	0	0	0	0	0	0	0	1	0	0	1	1	0	0	0																																									876			1648	0				4480	2698	854	640	1459	580	899	1019				560	270	285	320	730	580	300	340				80	80	80	260	220	580	280	320				1759	600	640	380	1239	580	320	360				8	10	3	2	2	1	3	3				0	19611	28606	18252	24648	862	23909	7918				243	100	640	260	1239	580	280	320				Board_Screen	Board_Screen	0	0	0	0	0	0	0	0																																					0	0	0	0	0	0	0	0																										9038	3358	1394	660	1679	580	899	1159				3013	840	1394	660	1679	580	300	1159				1442	420	1394	660	1679	580	280	1159				6116	1459	1394	660	1679	580	320	1159				3	4	1	1	1	1	3	1				0	19611	28606	18252	24648	862	23909	7918				1442	1459	1394	660	1679	580	280	1159				9118	3578	1414	680	1679	580	979	1239				3039	894	1414	680	1679	580	326	1239				1442	500	1414	680	1679	580	300	1239				6116	1499	1414	680	1679	580	360	1239				3	4	1	1	1	1	3	1				0	19571	28586	18232	24648	862	23889	7838				1442	1499	1414	680	1679	580	300	1239				6636	349	19	320	5,49373	11	244,65	102,39	556,8	160,94	7,88	2,88	22,66	86,63	8718	101,63	139,59	139,59	2,88	0	4	0	1	0	0	0	1				21071	26687					23889						21071			26327		26687					499,04	556,8					226,94						499,04			393,82		556,8				
Recording067	ProVisioNET_study_111_03	Female	Novice	Whispering	1	fullstream	5561	1061238	0	0	0	0	0	0	0	0	0	0	0	0	0	0	0	0	0	0	0	0	0	0	0	0	0	0	0	0	0	0	0	0	0	0	0	0	0	0	0	0	0	1	0	0	0	0	0	1																																										3802						0	0	520		3112		3112					391		260		389		389					391		120		80		80					391		400		899		899					391	0	2		8		8					1		2710		471		471					0		400		899		899					391	Carl(a),Disruptive_Person	Carl(a),Disruptive_Person	0	0		899		899					0				899		899									899		899									899		899						0	0		1		1					0				471		471									899		899						0	520		3871		3871					391		260		774		774					391		120		273		273					391		400		999		999					391	0	2		5		5					1		2710		471		471					0		400		899		899					391	0	660		3971		3971					391		330		794		794					391		200		333		333					391		460		999		999					391	0	2		5		5					1		2650		471		471					0		460		899		899					391	3498	389	9	959	5,58541	5	306,44	101,44	476,4	148,64	11,75	7	17,1	58,77	391	109,65	476,4	398,14	17,1	0	0		0		0					0		4988		1390		1390							3109		4988		4988					391		413,76		229,5		229,5							311,09		413,76		413,76					476,4
Recording067	ProVisioNET_study_111_03	Female	Novice	Whispering_fix	1	fullstream	30000	1061238	0	0	0	0	0	0	0	0	0	0	0	0	0	0	0	0	0	0	0	0	0	0	0	0	0	0	0	0	0	0	0	0	0	0	0	0	0	0	0	0	0	1	0	0	0	0	1	1																																										3802					5561	0	11393	2565	820	3718	820	3258	200		300		611	814	321	410	372	410	407	200		300		305	80	120	100	80	280	80	200		300		220	2159	939	720	899	540	899	200		300		391	14	8	2	10	2	8	1		1		2	9006	2710	6727	471	7866	471	8206		9206		0	140	400	720	899	280	899	200		300		391	Bianca	Bianca	0	0	0	899	0	899	0		0		0				899		899									899		899									899		899						0	0	0	1	0	1	0		0		0				471		471									899		899						15651	2845	839	4497	820	4018	200		300		611	3913	474	839	750	410	804	200		300		305	100	120	839	420	280	420	200		300		220	9215	1279	839	999	540	999	200		300		391	4	6	1	6	2	5	1		1		2	9006	2710	6727	471	7866	471	8206		9206		0	140	400	839	899	280	899	200		300		391	15891	3145	899	4657	879	4118	260		360		631	3973	524	899	776	440	824	260		360		315	160	200	899	480	300	480	260		360		240	9274	1319	899	999	580	999	260		360		391	4	6	1	6	2	5	1		1		2	8986	2650	6667	471	7846	471	8146		9146		0	160	460	899	899	300	899	260		360		391	17590	533	33	959	5,4301	14	340,63	101,44	583,63	143,76	11,54	2,92	25,8	161,59	391	109,65	476,4	398,14	17,1	1	0	1	1	0	0	0		0		0	16441	4988		1390	26855	1390	8146		9146			9146	3109		4988	8146	4988					391	399,21	413,76		229,5	387,3	229,5	583,63		335,04			335,04	311,09		413,76	583,63	413,76					476,4
=======
Recording065	ProVisioNET_study_110_02	Female	Novice	snapshot_students	1	snapshot_students	87809	521028	0	0	0	0	0	0	0	0	0	0	0	0	0	0	0	0	0	0	0	0	0	0	0	0	0	0	0	0	0	0	0	0	0	0	0	0	0	0	0	0	0	0	0	0	0	0	0	0																																																	22987	33960		11693								884	918		899								100	100		80								6576	7036		3718								26	37		13								180	600		0								380	760		140								Anna	Anna	0	0		0																																									0	0		0																														29023	34860		11733								1935	1452		1067								220	140		140								9914	13492		3718								15	24		11								180	600		0								380	760		140								29023	34900		11733								1935	1454		1067								220	140		140								9914	13492		3718								15	24		11								180	600		0								380	760		140								0		0			0														18	14		1								140	560		10014								560	1359		140								119.28	215.36		348.04								215.36	230.91		119.28							
Recording065	ProVisioNET_study_110_02	Female	Novice	snapshot_students	2	snapshot_students	53649	614214	0	0	0	0	0	0	0	0	0	0	0	0	0	0	0	0	0	0	0	0	0	0	0	0	0	0	0	0	0	0	0	0	0	0	0	0	0	0	0	0	0	0	0	0	0	0	0	0																																																	37118	660		0								2183	660										80	660										6236	660										17	1		0								0	29683										6236	660										Anna	Anna	0	0		0																																									0	0		0																														52909	660		0								26455	660										23286	660										29623	660										2	1		0								0	29683										29623	660										52909	660		0								26455	660										23286	660										29623	660										2	1		0								0	29683										29623	660										0		0			0														32	0		0								30342												30342										225.99												225.99									
Recording065	ProVisioNET_study_110_02	Female	Novice	snapshot_students	3	snapshot_students	93585	674658	0	0	0	0	0	0	0	0	0	0	0	0	0	0	0	0	0	0	0	0	0	0	1	1	1	0	0	0	0	0	0	0	0	0	0	0	0	0	1	0	0	0	0	0	0	0	0	0																							45901	18374	15901														19080										7196	17610		38178								1199	2516		4242								180	120		180								2219	9235		11433								6	7		9								0	3918		16790								2219	640		260								Anna	Anna	0	0		0																																									0	0		0																														15371	21867		49591								5124	7289		49591								820	740		49591								12333	11673		49591								3	3		1								0	3918		16790								2219	11673		49591								15371	21867		49591								5124	7289		49591								820	740		49591								12333	11673		49591								3	3		1								0	3918		16790								2219	11673		49591								0		0			0														7	9		20								67181	3898										2219	67181		66381								260.81	283.27										286.89	260.81		320.75							
Recording065	ProVisioNET_study_110_02	Female	Novice	snapshot_students	4	snapshot_students	14771	773520	0	0	0	0	0	0	0	0	0	0	0	0	0	0	0	0	0	0	0	0	0	0	0	0	0	0	0	0	0	0	0	0	0	0	0	0	0	0	0	0	1	0	0	1	1	0	0	0																																									7775			9433	6824				1959	8615		360								490	1723		360								80	460		360								1119	4497		360								4	5		1								1119	400		0								1119	680		360								Bianca	Bianca	0	0		0																																									0	0		0																														4337	9015		360								2169	3005		360								580	460		360								3758	7875		360								2	3		1								1119	400		0								3758	680		360								4337	9015		360								2169	3005		360								580	460		360								3758	7875		360								2	3		1								1119	400		0								3758	680		360								0		0			0														7	2		0								1079	360										4877	1079		360								308.98	253.25										314.21	308.98		253.25							
Recording065	ProVisioNET_study_110_02	Female	Novice	snapshot_students	5	snapshot_students	7616	794688	0	0	0	0	0	0	0	0	0	0	0	0	0	0	0	0	0	0	0	0	0	0	0	0	0	0	0	0	0	0	0	0	0	0	0	0	0	0	0	0	0	0	0	0	0	0	0	0																																																	1279	1879		1079								640	376		360								420	100		200								859	899		600								2	5		3								0	480		1059								420	520		200								Anna	Anna	0	0		0																																									0	0		0																														1279	1899		1079								640	475		360								420	200		200								859	899		600								2	4		3								0	480		1059								420	520		200								1279	1899		1079								640	475		360								420	200		200								859	899		600								2	4		3								0	480		1059								420	520		200								0		0			0														0	1		0								6696	420		999								420	999		1259								300.7	287.28		291.77								287.28	291.77		222.78							
Recording065	ProVisioNET_study_110_02	Female	Novice	snapshot_students	6	snapshot_students	52749	807900	0	0	0	0	0	0	0	0	0	0	0	0	0	0	0	0	0	0	0	0	0	0	0	0	0	0	0	0	0	0	0	0	0	0	0	0	0	0	0	0	0	0	1	0	0	0	0	0																																											2445						12373	13052		5517								884	932		1103								80	120		200								4118	3878		2538								14	14		5								2998	0		460								680	400		280								Anna	Anna	0	0		0																																									0	0		0																														17070	17090		6056								2134	1899		2019								200	140		200								6696	13152		5577								8	9		3								2998	0		460								680	400		280								17070	17090		6056								2134	1899		2019								200	140		200								6696	13152		5577								8	9		3								2998	0		460								680	400		280								0		0			0														10	10		3								4637	3678		400								3678	400		14092								318.47	299.45		285.03								299.45	285.03		496.56							
Recording065	ProVisioNET_study_110_02	Female	Novice	snapshot_students	7	snapshot_students	20928	870623	0	0	0	0	0	0	0	0	0	0	0	0	0	0	0	0	0	0	0	0	0	0	0	0	0	0	0	0	0	0	0	0	0	0	0	0	0	0	0	0	0	1	0	0	0	0	1	1																																										7271					8568	277	17010	1239		0								1546	310										440	140										2578	600										11	4		0								0	2878										660	600										Anna	Anna	0	0		0																																									0	0		0																														18569	1819		0								4642	606										879	200										13712	1019										4	3		0								0	2878										2858	600										18569	1819		0								4642	606										879	200										13712	1019										4	3		0								0	2878										2858	600										0		0			0														6	3		0								3478	2858										2858	3478										106.28	172.79										172.79	106.28									
Recording065	ProVisioNET_study_110_02	Female	Novice	snapshot_students	8	snapshot_students	26384	899666	0	0	0	0	0	0	0	0	0	0	0	0	0	0	0	0	0	0	0	0	0	0	0	0	0	0	0	0	0	0	0	0	0	0	0	0	0	0	0	0	0	0	0	0	0	1	0	0																																														1234			8175	1539		8915								1635	308		1783								120	100		80								4977	680		5956								5	5		5								0	13152		13772								4977	140		1119								Bianca	Bianca	0	0		0																																									0	0		0																														12792	1559		9215								6396	390		3072								300	100		1119								12493	680		5956								2	4		3								0	13152		13772								12493	300		2139								12792	1559		9215								6396	390		3072								300	100		1119								12493	680		5956								2	4		3								0	13152		13772								12493	300		2139								0		0			0														6	1		3								16430	15911		13752								16770	13452		15911								269.7	273.63		262.82								430.78	280.81		273.63							
Recording065	ProVisioNET_study_110_02	Female	Novice	snapshot_students	9	snapshot_students	30922	934266	0	0	0	0	0	0	0	0	0	0	0	0	0	0	0	0	0	0	0	0	0	1	0	0	0	0	0	0	0	0	0	0	0	0	0	0	0	0	0	0	0	0	0	0	0	0	0	0																						27226																											5577	13212		800								697	881		400								300	80		300								1859	3218		500								8	15		2								560	0		5557								540	500		500								Anna	Anna	0	0		0																																									0	0		0																														5877	14112		800								840	1568		400								380	420		300								1859	4577		500								7	9		2								560	0		5557								540	500		500								5916	14112		800								845	1568		400								420	420		300								1859	4577		500								7	9		2								560	0		5557								540	500		500								0		0			0														2	8		0								500	4897		5517								4897	500		6056								290.08	300.67		304.89								300.67	290.08		297.93							
Recording065	ProVisioNET_study_110_02	Female	Novice	snapshot_students	10	snapshot_students	10334	970804	0	0	0	0	0	0	0	0	0	0	0	0	0	0	0	0	0	0	0	0	0	0	0	0	0	0	0	0	0	0	0	0	0	0	0	0	0	0	0	0	0	0	0	0	0	0	0	0																																																	2978	0		0								745											100											1599											4	0		0								0											580											Anna	Anna	0	0		0																																									0	0		0																														10334	0		0								10334											10334											10334											1	0		0								0											10334											10334	0		0								10334											10334											10334											1	0		0								0											10334											0		0			0														14	0		0																																																			
Recording065	ProVisioNET_study_110_02	Female	Novice	snapshot_students	11	snapshot_students	20228	990333	0	0	0	0	0	0	0	0	0	0	0	0	0	0	0	0	0	0	0	0	1	0	0	0	0	0	0	0	0	0	0	0	0	0	0	0	0	0	0	0	0	0	0	0	0	0	0	0																					1159																												1959	8835		0								653	680										220	100										1399	3218										3	13		0								1079	0										220	320										Bianca	Bianca	0	0		0																																									0	0		0																														1959	16290		0								653	4073										220	320										1399	14292										3	4		0								1079	0										220	999										1959	16290		0								653	4073										220	320										1399	14292										3	4		0								1079	0										220	999										0		0			0														0	18		0								999	1299										1299	999										321.45	370.75										370.75	321.45									
Recording065	ProVisioNET_study_110_02	Female	Novice	snapshot_students	12	snapshot_students	8355	1022354	0	0	0	0	0	0	0	0	0	0	0	0	0	0	0	0	0	0	0	0	0	0	0	0	0	0	0	0	0	0	0	0	0	0	0	0	0	0	0	0	0	0	0	0	0	0	0	0																																																	1919	999		1119								480	250		560								220	200		520								1059	300		600								4	4		2								100	1619		4457								220	200		600								Carl(a)	Carl(a)	0	0		0																																									0	0		0																														2938	999		1119								979	250		560								420	200		520								1459	300		600								3	4		2								100	1619		4457								1459	200		600								2938	999		1119								979	250		560								420	200		520								1459	300		600								3	4		2								100	1619		4457								1459	200		600								0		0			0														2	0		0								80	1559		7775								1559	1819		5057								135.15	382.85		287.26								382.85	300.21		156.23							
Recording065	ProVisioNET_study_110_02	Female	Novice	snapshot_students	13	snapshot_students	17750	1037425	0	0	0	0	0	0	0	0	0	0	0	0	0	0	0	1	0	0	0	0	0	0	0	0	0	0	0	0	0	0	0	0	0	0	0	0	0	0	0	0	0	0	0	0	0	0	0	0																13381																																	3338	4917		2698								668	702		899								140	140		160								1839	1999		1859								5	7		3								220	0		1619								879	180		160								Anna	Anna	0	0		0																																									0	0		0																														5057	5317		3478								2529	1329		1739								879	180		680								4178	4038		2798								2	4		2								220	0		1619								879	180		2798								5057	5317		3478								2529	1329		1739								879	180		680								4178	4038		2798								2	4		2								220	0		1619								879	180		2798								0		0			0														4	4		4								180	1099		1579								1099	180										255.84	289.44		253.74								289.44	255.84									
Recording065	ProVisioNET_study_110_02	Female	Novice	snapshot_students	14	snapshot_students	4997	1063929	0	0	0	0	0	0	0	0	0	0	0	0	0	0	0	0	0	0	0	0	0	0	0	0	0	0	0	0	0	0	0	0	0	0	0	0	0	0	0	0	0	0	0	0	0	0	0	0																																																	1099	979		340								1099	490		340								1099	320		340								1099	660		340								1	2		1								0	1159		4657								1099	660		340								Carl(a)	Carl(a)	0	0		0																																									0	0		0																														1099	3458		340								1099	3458		340								1099	3458		340								1099	3458		340								1	1		1								0	1159		4657								1099	3458		340								1099	3458		340								1099	3458		340								1099	3458		340								1099	3458		340								1	1		1								0	1159		4657								1099	3458		340								0		0			0														0	4		0									1099		4617								1099	4617											333.3		282.87								333.3	282.87									
Recording065	ProVisioNET_study_110_02	Female	Novice	snapshot_students	15	snapshot_students	83930	1074983	0	0	0	0	0	0	0	0	0	0	0	0	0	1	1	0	0	1	1	0	0	0	0	0	0	0	0	0	0	0	0	0	0	0	0	0	1	0	0	0	0	0	0	0	0	0	0	0														5823	1477			75195	65816																		74134												11053	3598		52369								1842	720		1496								120	200		80								4837	2199		7556								6	5		35								11313	6076		0								1059	560		800								Bianca	Bianca	0	0		0																																									0	0		0																														12653	3598		61744								4218	720		12349								120	200		2199								10654	2199		27923								3	5		5								11313	6076		0								1879	560		2439								12653	3598		61744								4218	720		12349								120	200		2199								10654	2199		27923								3	5		5								11313	6076		0								1879	560		2439								0		0			0														5	0		31								11233	8975		13452								13192	11233		2439								336.47	403.71		323.4								345.04	336.47		359.16							
Recording065	ProVisioNET_study_110_02	Female	Novice	snapshot_students	16	snapshot_students	3978	1164670	0	0	0	0	0	0	0	0	0	0	0	0	0	0	0	0	0	0	0	0	0	0	0	0	0	0	0	0	0	0	0	0	0	0	0	0	0	0	0	0	0	0	0	0	0	0	0	0																																																	2379	280		720								793	280		240								240	280		140								1459	280		300								3	1		3								0	1219		3098								240	280		280								Carl(a)	Carl(a)	0	0		0																																									0	0		0																														2638	280		879								1319	280		879								1179	280		879								1459	280		879								2	1		1								0	1219		3098								1179	280		879								2638	280		879								1319	280		879								1179	280		879								1459	280		879								2	1		1								0	1219		3098								1179	280		879								0		0			0														2	0		3								1499	1179		3018								1179	1499										337.31	300.78		389.96								300.78	337.31									
Recording065	ProVisioNET_study_110_02	Female	Novice	snapshot_students	17	snapshot_students	42975	1177502	0	0	0	0	0	0	0	0	0	0	0	0	0	0	0	0	0	0	0	0	0	0	0	0	0	0	0	0	0	0	0	0	0	0	0	0	0	0	0	0	0	0	0	0	0	0	0	0																																																	10534	5357		11213								958	893		3738								180	340		460								3238	1839		8055								11	6		3								0	8355		20628								600	340		460								Anna	Anna	0	0		0																																									0	0		0																														18889	7635		11233								3148	1527		5617								300	340		460								8315	4957		10774								6	5		2								0	8355		20628								8315	340		460								18889	7635		11233								3148	1527		5617								300	340		460								8315	4957		10774								6	5		2								0	8355		20628								8315	340		460								0		0			0														18	8		1								8695	8315		20548								8315	8695		21088								319.32	313.59		354.74								313.59	319.32		321.29							
Recording065	ProVisioNET_study_110_02	Female	Novice	snapshot_students	18	snapshot_students	30242	1225794	0	0	0	0	0	0	0	0	0	0	0	0	0	0	0	0	0	0	0	0	0	0	0	0	0	0	0	0	0	0	0	1	1	0	0	0	0	0	0	0	0	0	0	0	0	0	0	0																																14053	6349																3358	9414		320								840	554		320								200	100		320								1779	1939		320								4	17		1								0	440		859								400	380		320								Bianca	Bianca	0	0		0																																									0	0		0																														3378	17869		320								1126	4467		320								200	380		320								2778	13532		320								3	4		1								0	440		859								400	380		320								3378	17869		320								1126	4467		320								200	380		320								2778	13532		320								3	4		1								0	440		859								400	380		320								0		0			0														1	17		0								3778	400		820								400	820		1179								248.64	292.6		209.9								292.6	209.9		315.75							
Recording065	ProVisioNET_study_110_02	Female	Novice	snapshot_students	19	snapshot_students	1179	1264970	0	0	0	0	0	0	0	0	0	0	0	0	0	0	0	0	0	0	0	0	0	0	0	0	0	0	0	0	0	0	0	0	0	0	0	0	0	0	0	0	0	0	0	0	0	0	0	0																																																	0	0		1179											1179											1179											1179								0	0		1											0											1179								Carl(a)	Carl(a)	0	0		0																																									0	0		0																														0	0		1179											1179											1179											1179								0	0		1											0											1179								0	0		1179											1179											1179											1179								0	0		1											0											1179								0		0			0														0	0		0																																																			
Recording065	ProVisioNET_study_110_02	Female	Novice	snapshot_students	20	snapshot_students	2538	1274245	0	0	0	0	0	0	0	0	0	0	0	0	0	0	0	0	0	0	0	0	0	0	0	0	0	0	0	0	0	0	0	0	0	0	0	0	0	0	0	0	0	0	0	0	0	0	0	0																																																	1579	700		0								526	350										80	300										1139	400										3	2		0								0	520										80	400										Bianca	Bianca	0	0		0																																									0	0		0																														1599	700		0								800	350										460	300										1139	400										2	2		0								0	520										460	400										1599	700		0								800	350										460	300										1139	400										2	2		0								0	520										460	400										0		0			0														0	0		0								919	460										460	919										227.96	286.69										286.69	227.96									
Recording065	ProVisioNET_study_110_02	Female	Novice	snapshot_students	21	snapshot_students	16130	1282240	0	0	0	0	0	0	0	0	0	0	0	0	0	0	0	0	0	0	0	0	0	0	0	0	0	0	0	0	0	0	0	0	0	0	0	0	0	0	0	0	0	0	0	0	0	0	0	0																																																	1599	8155		1999								400	741		500								320	160		220								540	1639		1039								4	11		4								0	939		1499								320	520		380								Bianca	Bianca	0	0		0																																									0	0		0																														1659	10614		1999								553	1516		500								320	180		220								800	3638		1039								3	7		4								0	939		1499								320	520		380								1659	10614		1999								553	1516		500								320	180		220								800	3638		1039								3	7		4								0	939		1499								320	520		380								0		0			0														1	6		0								11533	1879		1459								4617	1459		1879								297.47	275.92		264.86								280.54	264.86		275.92							
Recording065	ProVisioNET_study_110_02	Female	Novice	snapshot_students	22	snapshot_students	3558	1306826	0	0	0	0	0	0	0	0	0	0	0	0	0	0	0	0	0	0	0	0	0	0	0	0	0	0	0	0	0	0	0	0	0	0	0	0	0	0	0	0	0	0	0	0	0	0	0	0																																																	0	200		2938									200		979									200		180									200		2539								0	1		3									0		220									200		180								Carl(a)	Carl(a)	0	0		0																																									0	0		0																														0	200		3338									200		3338									200		3338									200		3338								0	1		1									0		220									200		3338								0	200		3338									200		3338									200		3338									200		3338								0	1		1									0		220									200		3338								0		0			0														0	0		2											200									200													321.48									321.48									
Recording065	ProVisioNET_study_110_02	Female	Novice	snapshot_students	23	snapshot_students	1819	1316400	0	0	0	0	0	0	0	0	0	0	0	0	0	0	0	0	0	0	0	0	0	0	0	0	0	0	0	0	0	0	0	0	0	0	0	0	0	0	0	0	0	0	0	0	0	0	0	0																																																	0	0		1819											1819											1819											1819								0	0		1											0											1819								Carl(a)	Carl(a)	0	0		0																																									0	0		0																														0	0		1819											1819											1819											1819								0	0		1											0											1819								0	0		1819											1819											1819											1819								0	0		1											0											1819								0		0			0														0	0		0																																																			
Recording065	ProVisioNET_study_110_02	Female	Novice	snapshot_students	24	snapshot_students	9235	1324615	0	0	0	0	0	0	0	0	0	0	0	1	0	0	0	0	0	0	0	0	0	0	0	0	0	0	0	0	0	0	0	0	0	0	1	0	0	0	0	0	0	0	0	0	0	0	0	0												3943																							1414														5817	0		0								831											260											2219											7	0		0								0											680											Anna	Anna	0	0		0																																									0	0		0																														9235	0		0								9235											9235											9235											1	0		0								0											9235											9235	0		0								9235											9235											9235											1	0		0								0											9235											0		0			0														9	0		0																																																			
Recording065	ProVisioNET_study_110_02	Female	Novice	snapshot_students	25	snapshot_students	16330	1340126	0	0	0	0	0	0	0	0	0	0	1	0	0	0	0	0	0	0	0	0	0	0	0	0	0	0	0	0	0	0	0	0	0	0	0	0	0	0	0	0	0	0	0	0	0	0	0	0											11912																																						3278	4038		0								546	1009										280	180										1339	1819										6	4		0								40	8255										380	540										Bianca	Bianca	0	0		0																																									0	0		0																														10434	4297		0								3478	1432										879	180										8215	3578										3	3		0								0	8255										8215	540										10434	4297		0								3478	1432										879	180										8215	3578										3	3		0								0	8255										8215	540										0		0			0														6	2		0								11293	8215										8215	11293										352.84	306.38										306.38	352.84									
Recording065	ProVisioNET_study_110_02	Female	Novice	snapshot_students	26	snapshot_students	17190	1371387	0	0	0	0	0	0	0	0	0	0	0	0	0	0	0	0	0	0	0	0	0	0	0	0	0	0	0	0	0	0	0	0	0	0	0	0	0	0	0	0	0	0	0	0	0	0	0	0																																																	360	4957		2019								120	551		1009								100	140		939								140	1159		1079								3	9		2								9934	4757		0								120	260		939								Bianca	Bianca	0	0		0																																									0	0		0																														380	7496		2019								190	1874		1009								100	260		939								280	5497		1079								2	4		2								9934	4757		0								280	260		939								380	7496		2019								190	1874		1009								100	260		939								280	5497		1079								2	4		2								9934	4757		0								280	260		939								0		0			0														1	9		0								11493	6136		5017								10214	5017		6136								279.37	214.93		148.67								314.01	148.67		214.93							
Recording065	ProVisioNET_study_110_02	Female	Novice	snapshot_students	27	snapshot_students	40036	1399291	0	0	0	0	0	0	0	0	1	1	0	0	0	0	0	0	0	0	0	0	0	0	0	0	0	0	0	0	0	0	0	0	0	1	0	0	0	0	0	0	0	0	0	0	0	0	0	0									18905	12013																								17729															2459	6936		19828								615	867		1525								220	180		80								760	3218		6176								4	8		13								0	260		9994								220	380		540								Carl(a)	Carl(a)	0	0		0																																									0	0		0																														2459	8955		27084								615	1279		5417								220	180		1079								760	4297		16330								4	7		5								0	260		9994								220	4297		4138								2499	8955		27084								625	1279		5417								220	180		1079								800	4297		16330								4	7		5								0	260		9994								220	4297		4138								0		0			0														0	3		16								4557	220		9954								220	4557		14132								369.39	369.57		335.5								369.57	369.39		278.03							
Recording065	ProVisioNET_study_110_02	Female	Novice	snapshot_students	28	snapshot_students	200	1446023	0	0	0	0	0	0	0	0	0	0	0	0	0	0	0	0	0	0	0	0	0	0	0	0	0	0	0	0	0	0	0	0	0	0	0	0	0	0	0	0	0	0	0	0	0	0	0	0																																																	0	0		200											200											200											200								0	0		1											0											200								Carl(a)	Carl(a)	0	0		0																																									0	0		0																														0	0		200											200											200											200								0	0		1											0											200								0	0		200											200											200											200								0	0		1											0											200								0		0			0														0	0		0																																																			
Recording065	ProVisioNET_study_110_02	Female	Novice	snapshot_students	29	snapshot_students	4957	1451380	0	0	0	0	0	0	0	0	0	0	0	0	0	0	0	0	0	0	0	0	0	0	0	0	0	0	0	0	0	0	0	0	0	0	0	0	0	0	0	0	0	0	0	0	0	0	0	0																																																	0	0		4957											4957											4957											4957								0	0		1											0											4957								Carl(a)	Carl(a)	0	0		0																																									0	0		0																														0	0		4957											4957											4957											4957								0	0		1											0											4957								0	0		4957											4957											4957											4957								0	0		1											0											4957								0		0			0														0	0		0																																																			
Recording065	ProVisioNET_study_110_02	Female	Novice	snapshot_students	30	snapshot_students	50630	1469829	0	0	0	0	0	0	0	0	0	0	0	0	0	0	0	0	0	0	0	0	0	0	0	0	0	0	0	0	0	0	0	0	0	0	0	0	0	0	0	0	0	0	0	0	0	0	0	0																																																	4457	12852		4257								557	676		426								280	140		120								1219	2618		859								8	19		10								40	440		18509								360	380		859								Bianca	Bianca	0	0		0																																									0	0		0																														4477	17470		5996								640	2184		1199								280	160		280								1599	10674		3518								7	8		5								40	440		18509								360	380		3518								4517	17470		5996								645	2184		1199								280	160		280								1599	10674		3518								7	8		5								0	440		18509								400	380		3518								0		0			0														1	18		3								1119	400		18469								400	820		26564								227.99	364.69		104.94								364.69	402.75		228.7							
Recording065	ProVisioNET_study_110_02	Female	Novice	snapshot_students	31	snapshot_students	2219	1527535	0	0	0	0	0	0	0	0	0	0	0	0	0	0	0	0	0	0	0	0	0	0	0	0	0	0	0	0	0	0	0	0	0	0	0	0	0	0	0	0	0	0	0	0	0	0	0	0																																																	0	0		1179											590											380											800								0	0		2											0											380								Carl(a)	Carl(a)	0	0		0																																									0	0		0																														0	0		2219											2219											2219											2219								0	0		1											0											2219								0	0		2219											2219											2219											2219								0	0		1											0											2219								0		0			0														0	0		2																																																			
Recording065	ProVisioNET_study_110_02	Female	Novice	snapshot_students	32	snapshot_students	12892	1535490	0	0	0	0	0	0	0	0	0	0	0	0	0	0	0	0	0	0	0	0	0	0	0	0	0	0	0	0	0	0	0	0	0	0	0	0	0	0	0	0	0	0	0	0	0	0	0	0																																																	1179	1739		1539								236	290		770								120	120		460								420	540		1079								5	6		2								0	780		979								420	160		1079								Anna	Anna	0	0		0																																									0	0		0																														1219	3178		1539								406	795		770								160	160		460								720	2279		1079								3	4		2								0	780		979								720	160		1079								1219	3178		1539								406	795		770								160	160		460								720	2279		1079								3	4		2								0	780		979								720	160		1079								0		0			0														2	4		0								4777	720		939								720	939		2059								313.7	387.38		219.81								387.38	219.81		210.87							
Recording065	ProVisioNET_study_110_02	Female	Novice	snapshot_students	33	snapshot_students	21527	1555318	0	0	0	0	0	0	0	0	0	0	0	0	0	0	0	0	0	0	0	0	0	0	0	0	0	1	0	0	0	0	0	0	0	0	0	0	0	0	0	0	0	0	0	0	0	0	0	0																										20755																							2499	5197		4317								500	433		617								200	140		380								999	1459		919								5	12		7								7595	2898		0								360	180		480								Anna	Anna	0	0		0																																									0	0		0																														2499	5657		4377								500	566		730								200	140		380								999	2499		1579								5	10		6								7595	2898		0								360	2499		480								2499	5657		4377								500	566		730								200	140		380								999	2499		1579								5	10		6								7595	2898		0								360	2499		480								0		0			0														0	2		1								7536	7156		6536								7955	5397		480								344.12	213.04		286.86								406.4	343.19		222.89							
Recording065	ProVisioNET_study_110_02	Female	Novice	Entire Recording	1	fullstream	1739708	0	0	1	1	1	1	1	1	1	1	1	1	1	1	1	1	1	1	1	1	0	1	1	1	1	1	1	1	1	1	1	1	1	1	1	1	1	1	0	1	0	1	1	1	1	1	1	1	1		519991	516320	489991	1680639	1673181	1650639	1441304	1418195	1411304	1352038	1328558	1321550	1080806	1076460	1050806	1170799	1150178	1140799		991492	961492	720559	693033	690559	1576073	520447	1738902	1734133	1708902	1262142	1239847	1232142	1417020	1326029	1069894	1149117		693739		781296	877894	810345	782953	780345	900900	879192	870900	175517	170919	258488	181553	59365	39956	18309	21287	3618	3278	2918	981	777	401	1365	360	1025	964	453	201	193	224	80	80	80	80	80	80	120	100	80	100	160	6576	9235	6916	11433	5797	5936	5936	2698	320	320	420	179	220	644	133	165	39	19	47	18	17	13	521208	521628	526705	521028	523806	691448	1009561	580154	600022	566462	692048	380	760	140	140	380	260	620	340	220	200	160	Anna		0	0	0	0	0	0	0	0	0	0	0																																		0	0	0	0	0	0	0	0	0	0	0																							176656	172258	291248	184191	62343	40516	18309	22467	3618	3278	2918	1210	968	1955	1806	503	1621	964	1182	201	193	224	80	100	80	80	80	180	120	140	80	100	160	8395	11493	8035	11433	7016	7196	5936	4797	320	320	420	146	178	149	102	124	25	19	19	18	17	13	521208	521628	526705	521028	523806	691448	1009561	580154	600022	566462	692048	380	760	140	140	2359	260	620	340	220	200	160	182872	180474	296765	188549	67400	41635	18909	23566	4317	3998	3458	1253	1014	1992	1849	544	1665	995	1240	240	235	266	100	140	100	140	80	260	180	200	100	140	180	8435	11533	8055	11473	7056	7236	5976	4837	340	400	480	146	178	149	102	124	25	19	19	18	17	13	521168	521588	526665	520968	523726	691448	1009521	580074	599982	566422	692028	420	800	180	200	2439	260	660	420	260	240	180	1304113	593	2201	140	3.85878	1731	236.5	100.1	707.91	100.59	9.48	0.5	43.09	16401.92	1429	233.06	304.23	262.94	20.74	28	32	412	21	28	13	0	28	0	0	0	521168	521588	589748	520968	526865	692468	1009521	580074	599982	566422	692028	521588	522387	600721	521168	526165	781396	1010181	773460	756430	566661	692208	119.28	215.36	234.34	289.33	276.75	188.66	257.95	438.27	317.25	154.86	126.48	215.36	230.91	270.79	119.28	331.18	213.89	326.94	339.01	258.68	236.76	350.24
Recording067	ProVisioNET_study_111_03	Female	Novice	Calibration_phase1	1	fullstream	12635	478053	0	0	0	1	0	0	0	0	0	0	0	0	0	0	0	0	0	0	0	0	0	0	0	0	0	0	0	0	0	0	0	0	0	0	0	0	0	0	0	0	0	0	0	0	0	0	0	0				0																																																																																																																																																																																																																																																																																																																																																																			8555	407	21	160	6.37051	18	297.18	131.33	587.24	129.43	12.04	2.04	26.71	216.78	2259	38.25	203.78	203.78	14.12																																																							
Recording067	ProVisioNET_study_111_03	Female	Novice	Calibration_phase1_fix	1	fullstream	30000	478053	0	0	1	1	0	0	0	0	0	0	0	0	0	0	0	0	0	0	0	0	0	0	0	0	0	0	1	0	0	0	0	0	0	0	0	0	0	0	0	0	0	0	0	0	0	0	0	0			12635	0																							14822																								457		959									114		107									18		80									220		140									4		9									29243		14971									100		140							Board_Screen	Board_Screen			0		0																																										0		0																															757		13352									757		13352									757		13352									757		13352									1		1									29243		14971									757		13352									757		13352									757		13352									757		13352									757		13352									1		1									29243		14971									757		13352							9295	344	27	160	6.33088	22	275.71	131.33	587.24	127	10.9	2.04	26.71	239.72	2259	38.25	203.78	203.78	14.12			1		3																																																		
Recording067	ProVisioNET_study_111_03	Female	Novice	Calibration_phase2	1	fullstream	8416	1657856	0	0	0	0	0	0	1	0	0	0	0	0	0	0	0	0	0	0	0	0	0	0	0	0	0	0	0	0	0	0	0	0	0	0	0	0	0	0	0	0	0	0	0	0	0	0	0	0							0																																																																																																																																																																																																																																																																																																																																																																6516	592	11	520	5.99745	8	358.12	126.98	608.18	148.97	15.71	5.21	41.22	125.71	695	152.91	126.98	126.98	5.21																																																							
Recording067	ProVisioNET_study_111_03	Female	Novice	Calibration_phase2_fix	1	fullstream	30000	1657856	0	0	0	0	0	1	1	0	0	0	0	0	0	0	0	0	0	0	0	0	0	0	0	0	0	0	0	0	0	0	0	0	0	0	0	0	0	0	0	0	0	0	0	0	0	0	0	0						8416	0																																																																																																																																																																																																																																																																																																																																																																20947	427	49	520	6.11149	32	276.86	103.3	608.18	109.35	10.83	3.54	41.22	346.59	695	152.91	126.98	126.98	5.21																																																							
Recording067	ProVisioNET_study_111_03	Female	Novice	Chatting_with_neighbour	1	fullstream	3141	1414414	0	0	0	0	0	0	0	0	0	1	0	0	0	0	0	0	0	0	0	0	0	0	0	0	0	0	0	0	0	0	0	0	0	1	0	0	0	0	0	0	0	0	0	0	0	0	0	0										0																								2006															0	2157		0		640		180		440			1079				640		180		220			640				640		180		120			1518				640		180		320		0	2		0		1		1		2			265				265		45		944			640				640		180		320		Bianca	Bianca	0	0		0		0		0		0																																			0	0		0		0		0		0																								0	2157		0		640		180		620			1079				640		180		620			640				640		180		620			1518				640		180		620		0	2		0		1		1		1			265				265		45		944			640				640		180		620		0	2217		0		680		225		660			1109				680		225		660			680				680		225		660			1538				680		225		660		0	2		0		1		1		1			225				225		0		904			680				680		225		660		1139	380	3	180	5.61655	2	414.67	183.94	645.4	326.3	16.05	13.01	19.08	32.09	225	122.41	645.4	530.25	19.08	0	0		0		0		0		0			225				225				904			904				904		225					645.4				645.4				183.94			183.94				183.94		645.4			
Recording067	ProVisioNET_study_111_03	Female	Novice	Chatting_with_neighbour_fix	1	fullstream	30000	1414414	0	0	0	0	0	0	0	0	1	1	0	0	0	0	0	0	0	0	0	0	0	0	0	0	0	0	0	0	0	0	0	0	0	1	0	0	0	0	0	0	0	0	0	0	0	0	0	0									3141	0																								2006															4297	13452	473	360	819	640		680	200	520		477	961	237	180	137	640		227	200	173		80	180	74	80	80	640		180	200	80		2299	3578	400	280	160	640		260	200	320		9	14	2	2	6	1		3	1	3		12737	265	23591	15356	10758	265		45	16595	944		80	640	400	280	160	640		180	200	320		Board_Screen	Board_Screen	0	0	0	0	0	0		0	0	0																																			0	0	0	0	0	0		0	0	0																								5417	14112	473	360	819	640		700	200	700		677	1283	237	180	137	640		350	200	350		80	180	74	80	80	640		180	200	80		2299	4537	400	280	160	640		520	200	620		8	11	2	2	6	1		2	1	2		12737	265	23591	15356	10758	265		45	16595	944		80	640	400	280	160	640		180	200	620		5857	14591	513	480	1079	680		764	260	740		732	1326	257	240	180	680		382	260	370		100	260	94	120	100	680		225	260	80		2359	4557	420	360	260	680		540	260	660		8	11	2	2	6	1		2	1	2		12717	225	23571	15276	10718	225		0	16535	904		100	680	420	360	200	680		225	260	660		12073	402	30	180	5.50204	12	336.97	140.91	710.03	192.5	10.91	1.22	20.77	130.97	225	122.41	645.4	530.25	19.08	0	0	0	0	0	0		1	0	0		16095	225	29907	17674	17514	225				904		16995	904			10918	904		225	16795			161.9	645.4	478.7	140.91	393.89	645.4				183.94		397.71	183.94			223.95	183.94		645.4	305.12		
Recording067	ProVisioNET_study_111_03	Female	Novice	Clicking_pen	1	fullstream	15603	1144962	0	0	0	0	0	0	0	0	0	0	0	0	1	0	0	0	0	0	0	0	0	0	0	0	0	0	0	0	0	0	0	0	0	0	1	0	0	0	0	0	0	0	0	0	0	0	0	0													0																						12335														320	2553	620	4375	2479	2793		380			80	320	365	207	486	225	349		380			80	320	140	100	77	80	140		380			80	320	680	380	1439	1019	680		380			80	1	7	3	9	11	8		1			1	11291	11670	8832	0	3715	11670		10891			6494	320	680	100	77	260	680		380			80	Bianca,Disruptive_Person	Bianca,Disruptive_Person	0	0	0	0	0	0		0			0																																		0	0	0	0	0	0		0			0																							320	2613	720	5774	2758	3113		380			80	320	523	720	1925	460	778		380			80	320	195	720	400	100	195		380			80	320	919	720	3395	1019	1319		380			80	1	5	1	3	6	4		1			1	11291	11670	8832	0	3715	11670		10891			6494	320	680	720	3395	260	680		380			80	340	2773	740	5934	2858	3253		440			80	340	555	740	1978	476	813		440			80	340	255	740	440	120	255		440			80	340	919	740	3395	1039	1339		440			80	1	5	1	3	6	4		1			1	11271	11610	8812	0	3715	11610		10831			6494	340	740	740	3395	260	740		440			80	8575	373	23	879	5.57914	15	215.27	101.01	399.58	107.23	8.54	1.61	18.69	128.04	217	98.61	306.26	200.92	10.33	0	2	1	2	2	3		0			0	11271	11610		6573	8113	11610						11610	12350	9552			12350		11271			6573	399.58	330.84		289.69	119.69	330.84						330.84	122.07	127.96			122.07		399.58			289.69
Recording067	ProVisioNET_study_111_03	Female	Novice	Clicking_pen_fix	1	fullstream	30000	1144962	0	0	0	0	0	0	0	0	0	0	0	1	1	0	0	0	0	0	0	0	0	0	0	0	0	0	0	0	0	0	0	0	0	0	1	0	0	0	0	0	0	0	0	0	0	0	0	0												15603	0																						12335														320	4217	5497	6693	4178	3098		600			180	320	422	550	558	298	387		200			90	320	140	100	77	80	140		80			80	320	859	1899	1439	1320	680		380			100	1	10	10	12	14	8		3			2	11291	11670	8832	0	3715	11670		10891			6494	320	680	100	77	260	680		380			80	Classroom_Others	Classroom_Others	0	0	0	0	0	0		0			0																																		0	0	0	0	0	0		0			0																							320	4597	5896	8412	4458	3418		620			180	320	766	2948	2103	495	854		310			90	320	320	720	400	100	500		240			80	320	1679	5177	3395	1320	1319		380			100	1	6	2	4	9	4		2			2	11291	11670	8832	0	3715	11670		10891			6494	320	680	720	3395	260	680		380			80	340	4777	5936	8632	4738	3558		720			260	340	796	2968	2158	526	889		360			130	340	340	740	440	120	560		280			80	340	1699	5197	3395	1380	1339		440			180	1	6	2	4	9	4		2			2	11271	11610	8812	0	3715	11610		10831			6494	340	740	740	3395	260	740		440			80	18049	451	40	879	5.55003	22	209.13	101.01	399.58	99.34	7.61	1.61	18.69	167.35	217	98.61	306.26	200.92	10.33	0	3	5	2	2	3		1			0	11271	11610		6573	8113	11610						11610	12350	9552			12350		11271			6573	399.58	330.84		289.69	119.69	330.84						330.84	122.07	127.96			122.07		399.58			289.69
Recording067	ProVisioNET_study_111_03	Female	Novice	Drawing	1	fullstream	13352	1234418	0	0	0	0	0	0	0	0	0	0	0	0	0	0	0	1	0	0	0	0	0	0	0	0	0	0	0	0	0	0	0	0	0	0	0	1	0	0	0	0	0	0	0	0	0	0	0	0																0																				10422													0	200	7984	2011		2718	1299				240		200	1597	670		906	650				240		200	160	100		460	460				240		200	6196	1419		1419	839				240	0	1	5	3		3	2				1		9163	0	9003		9423	9423				10302		200	308	100		839	839				240	Carl(a)	Carl(a)	0	0	0	0		0	0				0																																		0	0	0	0		0	0				0																							0	200	8343	2011		2898	1299				240		200	8343	670		1449	650				240		200	8343	100		839	460				240		200	8343	1419		2059	839				240	0	1	1	3		2	2				1		9163	0	9003		9423	9423				10302		200	8343	100		839	839				240	0	260	8343	2171		3018	1359				280		260	8343	724		1509	680				280		260	8343	120		899	460				280		260	8343	1479		2119	899				280	0	1	1	3		2	2				1		9103	0	8983		9363	9363				10262		260	8343	120		899	899				280	9075	1134	8	160	5.41326	6	299.72	111.47	733.61	240.25	7.44	3.91	15.61	44.64	308	53.19	111.47	111.47	5.74	0	0	2	0		0	0				0		9103		10542		9363	9363				10262		9363		9103		10262	10262				10542		431.29		180.56		733.61	733.61				177.97		733.61		431.29		177.97	177.97				180.56
Recording067	ProVisioNET_study_111_03	Female	Novice	Drawing_fix	1	fullstream	30000	1234418	0	0	0	0	0	0	0	0	0	0	0	0	0	0	1	1	0	0	0	0	0	0	0	0	0	0	0	0	0	0	0	0	0	0	0	1	0	0	0	0	0	0	0	0	0	0	0	0															13352	0																				10422													0	899	8233	12413	320	2718	1299				460		300	1372	730	107	906	650				230		200	160	100	80	460	460				220		360	6196	2059	140	1419	839				240	0	3	6	17	3	3	2				2		9163	0	9003	29211	9423	9423				10302		200	308	100	140	839	839				240	Board_Screen	Board_Screen	0	0	0	0	0	0	0				0																																		0	0	0	0	0	0	0				0																							0	899	8593	15131	360	2898	1299				460		300	4297	2162	360	1449	650				230		200	250	100	360	839	460				220		360	8343	6196	360	2059	839				240	0	3	2	7	1	2	2				2		9163	0	9003	29211	9423	9423				10302		200	8343	100	360	839	839				240	0	1039	8613	15431	380	3018	1359				560		346	4307	2204	380	1509	680				280		260	270	120	380	899	460				280		420	8343	6196	380	2119	899				280	0	3	2	7	1	2	2				2		9103	0	8983	29191	9363	9363				10262		260	8343	120	380	899	899				280	20508	760	27	160	5.51408	12	294.33	111.47	733.61	178.98	8.83	3.82	18.73	105.99	308	53.19	111.47	111.47	5.74	0	0	2	2	2	0	0				0		9103		10542		9363	9363				10262		9363		9103		10262	10262				10542		431.29		180.56		733.61	733.61				177.97		733.61		431.29		177.97	177.97				180.56
Recording067	ProVisioNET_study_111_03	Female	Novice	Drumming_with_hands	1	fullstream	4169	964802	0	0	0	0	0	0	0	0	0	0	0	0	0	0	0	0	0	0	1	0	0	0	0	0	0	0	0	0	0	0	0	0	0	0	0	0	1	0	0	0	0	0	0	0	0	0	0	0																			0																		2864												3210	0		0		3210			420			802					802			420			424					424			420			1587					1587			420			4	0		0		4			1			0					0			484			424					424			420			Anna,Disruptive_Person	Anna,Disruptive_Person	0	0		0		0			0																																				0	0		0		0			0																									3630	0		0		3630			420			1815					1815			420			424					424			420			3206					3206			420			2	0		0		2			1			0					0			484			424					424			420			3690	0		0		3690			480			1845					1845			480			424					424			480			3266					3266			480			2	0		0		2			1			0					0			424			424					424			480			1619	540	3	420	5.52993	2	303.01	281.85	324.18	29.93	12.09	12.08	12.09	24.17	424	287.51	324.18	194.34	12.09	0	0		0		0			0			904					904			424			424					424			904			281.85					281.85			324.18			324.18					324.18			281.85		
Recording067	ProVisioNET_study_111_03	Female	Novice	Drumming_with_hands_fix	1	fullstream	30000	964802	0	0	0	0	0	0	0	0	0	0	0	0	0	0	0	0	0	1	1	0	0	0	0	0	0	0	0	0	0	0	0	0	0	0	0	0	1	0	0	0	0	0	0	0	0	0	0	0																		4169	0																		2864												5301	10327	7136	680	160	3822			420			884	1147	476	680	80	956			420			424	80	80	680	80	424			420			2199	3918	2319	680	80	2199			420			6	9	15	1	2	4			1			0	5841	5321	16375	7380	0			484			424	680	80	680	80	424			420			Bianca	Bianca	0	0	0	0	0	0			0																																				0	0	0	0	0	0			0																									5721	10447	7236	680	160	4242			420			1430	1306	724	680	80	2121			420			424	160	140	680	80	424			420			3818	4118	2978	680	80	3818			420			4	8	10	1	2	2			1			0	5841	5321	16375	7380	0			484			424	680	280	680	80	424			420			5881	10827	7735	700	240	4302			480			1470	1353	774	700	120	2151			480			424	240	160	700	120	424			480			3878	4118	3018	700	120	3878			480			4	8	10	1	2	2			1			0	5761	5321	16355	7340	0			424			424	760	280	700	120	424			480			19209	711	27	420	5.31155	13	315.96	108.91	722.76	185.05	13.13	2.49	28.55	170.66	424	287.51	324.18	194.34	12.09	0	1	4	0	0	0			0			904	9099	25169			904			424			424	25169	9099		7460	424			904			281.85	611.6	722.76			281.85			324.18			324.18	722.76	611.6		303.82	324.18			281.85		
Recording067	ProVisioNET_study_111_03	Female	Novice	Head_on_table	1	fullstream	3586	783519	0	0	0	0	0	0	0	0	0	0	0	0	0	0	0	0	0	0	0	0	0	1	0	0	0	0	0	0	0	0	0	0	0	0	0	0	0	1	0	0	0	0	0	0	0	0	0	0																						0																2303											0	2733		0	200	2733							342			200	342							80			200	80							600			200	600						0	8		0	1	8							0			534	0							494			200	494						Bianca,Disruptive_Person		0	0		0	0	0																																							0	0		0	0	0																												0	3173		0	200	3173							1586			200	1586							494			200	494							2678			200	2678						0	2		0	1	2							0			534	0							494			200	494						0	3253		0	240	3253							1626			240	1626							494			240	494							2758			240	2758						0	2		0	1	2							0			494	0							494			240	494						2239	320	7	200	5.56492	6	207.86	105.53	386.75	134.56	8.26	1.76	14.33	49.53	494	302.88	386.75	286.33	11.68	0	4		0	0	4							734			494	734							494			734	494							374.67			386.75	374.67							386.75			374.67	386.75					
Recording067	ProVisioNET_study_111_03	Female	Novice	Head_on_table_fix	1	fullstream	30000	783519	0	0	0	0	0	0	0	0	0	0	0	0	0	0	0	0	0	0	0	0	1	1	0	0	0	0	0	0	0	0	0	0	0	0	0	0	0	1	0	0	0	0	0	0	0	0	0	0																					3586	0																2303											4177	2733	6979	1359	2898	2733	1059	520	380			418	342	634	340	242	342	1059	173	380			120	80	100	220	100	80	1059	80	380			1739	600	3538	440	640	600	1059	280	380			10	8	11	4	12	8	1	3	1			7710	0	22341	7190	534	0	8170	10109	11648			360	494	240	280	200	494	1059	280	380			Board_Screen	Board_Screen	0	0	0	0	0	0	0	0	0																																				0	0	0	0	0	0	0	0	0																									4297	3173	7659	1359	4118	3173	1059	560	380			859	1586	7659	340	824	1586	1059	560	380			220	494	7659	220	120	494	1059	560	380			2778	2678	7659	440	2798	2678	1059	560	380			5	2	1	4	5	2	1	1	1			7710	0	22341	7190	534	0	8170	10109	11648			360	494	7659	280	200	494	1059	560	380			4557	3253	7699	1559	4357	3253	1079	600	400			911	1626	7699	390	871	1626	1079	600	400			240	494	7699	220	200	494	1079	600	400			2878	2758	7699	520	2798	2758	1079	600	400			5	2	1	4	5	2	1	1	1			7670	0	22301	7170	494	0	8150	10069	11628			400	494	7699	300	240	494	1079	600	400			19169	408	47	200	5.43357	29	225.17	102.44	438.3	122.25	8.5	1.76	18.16	246.51	494	302.88	386.75	286.33	11.68	5	4	7	0	3	4	0	2	0			9229	734		7170	494	734			11628			11628	494		13147	734	494	9229					115.84	374.67		200.33	386.75	374.67			211.46			211.46	386.75		356.97	374.67	386.75	115.84				
Recording067	ProVisioNET_study_111_03	Female	Novice	Heckling	1	fullstream	4285	874710	0	0	0	0	0	0	0	0	0	0	0	0	0	0	0	0	0	0	0	0	0	0	0	0	1	0	0	0	0	0	0	0	0	0	0	0	0	0	0	0	0	0	0	0	0	0	0	0																									0																								0	0		2259	400	2638	220	430							452	200	377	220	215							180	160	160	220	170							1039	240	1039	220	260				0	0		5	2	7	1	2							490	2249	490	1549	0							1039	240	1039	220	170				Carl(a),Disruptive_Person		0	0		0	0	0	0	0																																					0	0		0	0	0	0	0																										0	0		2456	400	2915	220	450							614	200	972	220	450							180	160	360	220	450							1039	240	1619	220	450				0	0		4	2	3	1	1							490	2249	490	1549	0							1039	240	1619	220	450				0	0		2576	560	2995	240	450							644	280	998	240	450							220	180	400	240	450							1079	380	1659	240	450				0	0		4	2	3	1	1							450	2109	450	1529	0							1079	380	1659	240	450				3178	353	9	260	5.57176	7	274.99	113.63	691.69	216.74	6.07	0.93	11.86	42.52	170	240.9	147.31	147.31	5.18	0	0		1	0	4	0	1							450	2109	450	1529								1529		2109	1769	450							455.5	691.69	455.5	169.39								169.39		691.69	145.05	455.5			
Recording067	ProVisioNET_study_111_03	Female	Novice	Heckling_fix	1	fullstream	30000	874710	0	0	0	0	0	0	0	0	0	0	0	0	0	0	0	0	0	0	0	0	0	0	0	1	1	0	0	0	0	0	0	0	0	0	0	0	0	0	1	0	0	0	0	0	0	0	0	0																								4285	0														6987										3058	1119	4098	4997	1779	3238	220	1989	460			306	280	341	500	198	405	220	221	460			100	180	80	80	80	160	220	80	460			1139	420	939	1279	440	1039	220	360	460			10	4	12	10	9	8	1	9	1			14262	10244	12223	490	2249	490	1549	0	27014			380	180	500	1039	240	1039	220	170	460			Anna		0	0	0	0	0	0	0	0	0																																				0	0	0	0	0	0	0	0	0																									3118	1119	4557	5757	2119	3778	220	2209	460			445	280	1519	959	353	1259	220	368	460			100	180	140	180	160	360	220	80	460			1299	420	3338	2239	740	1799	220	600	460			7	4	3	6	6	3	1	6	1			14262	10244	12223	490	2249	490	1549	0	27014			380	180	1079	1039	240	1619	220	450	460			3418	1399	4765	5917	2459	3858	240	2269	500			488	350	1191	986	410	1286	240	378	500			140	280	108	220	180	400	240	100	500			1339	460	3378	2239	760	1799	240	600	500			7	4	4	6	6	3	1	6	1			14162	10144	12223	450	2109	450	1529	0	26974			480	280	1079	1079	380	1659	240	450	500			15891	324	49	260	5.41669	27	263.84	100.54	691.69	162.96	7.68	0.93	19.75	207.28	170	240.9	147.31	147.31	5.18	3	0	7	2	1	4	0	2	0			16200	15741		450	2109	450	1529	21797	26974			26974	16200		1529		2109	1769	450	27474			422.45	577.81		455.5	691.69	455.5	169.39	111.59	334.12			334.12	422.45		169.39		691.69	145.05	455.5	374.93		
Recording067	ProVisioNET_study_111_03	Female	Novice	Lesson	1	fullstream	1108743	492875	0	1	0	0	0	0	0	1	1	1	1	1	1	1	1	1	1	1	1	1	1	1	1	1	1	0	1	0	0	0	1	1	1	1	1	1	1	1	1	0	1	1	1	1	1	1	1	1		15178						951539	924680	921538	682087	667689	652087	771543	754895	741542	501927	476096	471927	320644	294229	290644	411835	386119	381834		0				862601	862718	832600	923544	664422	751964	474791	292946	388821		202124	572165	231248	202895	201248	598363	573924	568363	115492	145214	184310	87408	61603	23106	45573	110674	3978	3038	3078	500	530	614	453	254	550	543	490	306	304	220	80	60	80	80	80	80	80	80	160	80	80	3978	4617	6996	3378	2818	2199	2399	2758	460	600	400	231	274	300	193	243	42	84	226	13	10	14	15900	27793	14420	18978	149	202110	20977	16979	100770	148262	120158	220	180	100	140	140	580	979	340	160	600	340	Classroom_Others		0	0	0	899	0	899	0	0	0	0	0				899		899									899		899									899		899						0	0	0	1	0	1	0	0	0	0	0				568833		568833									899		899						139417	161384	198822	102619	89879	25765	50390	121787	3978	3238	3078	968	863	2093	892	545	1227	2016	1997	306	405	220	80	80	80	80	80	360	100	80	160	80	80	9215	5117	12393	6196	13352	3818	15031	17250	460	660	400	144	187	95	115	165	21	25	61	13	8	14	15900	27793	14420	18978	149	202110	20977	16979	100770	148262	120158	460	180	899	400	13352	580	979	340	160	600	340	146453	171138	202839	107676	96555	26524	51190	124086	4537	3498	3658	1017	915	2135	936	585	1263	2048	2034	349	437	261	100	120	100	100	80	400	160	100	180	80	80	9274	5177	12433	6196	13352	3878	15051	17270	500	700	440	144	187	95	115	165	21	25	61	13	8	14	15860	27773	14420	18878	149	202110	20957	16959	100750	148222	120119	500	200	899	500	13352	580	999	360	180	640	380	640160	476	1346	120	5.30319	752	261.55	100.33	1064.57	145.29	8.83	0.59	29.69	6641.44	549	321.85	247.75	233.49	9.86	43	41	146	31	29	11	42	124	0	1	0	15860	64771	423740	74865	21956	291378	20957	176565	302271	148222	120119	20957	27973	422200	75125	15860	291138	21956	382284	360417	337670	355660	447.45	262.45	219.74	371.96	100.96	374.67	186.07	500.44	211.46	290.65	378.91	186.07	199.21	122.83	515.29	447.45	386.75	100.96	455.5	351.27	531.22	298.7
Recording067	ProVisioNET_study_111_03	Female	Novice	Looking_at_phone	1	fullstream	30118	1325476	0	0	0	0	0	0	0	0	0	0	0	0	0	0	0	0	0	0	0	0	0	0	0	0	0	0	0	0	0	0	1	0	1	0	0	0	0	0	0	0	0	0	0	0	0	0	0	0																															30000		0																220	6816	8515	1839	2379			280			200	220	487	568	306	216			93			200	220	80	80	80	80			80			200	220	2099	3378	560	480			120			200	1	14	15	6	11			3			1	14008	76	7571	18785	3414			16966			24221	220	1679	540	360	220			80			200	Board_Screen	Board_Screen	0	0	0	0	0			0			0																																		0	0	0	0	0			0			0																							220	8211	9134	2758	3078			320			200	220	1026	2284	690	440			320			200	220	140	80	120	100			320			200	220	3458	5377	1159	760			320			200	1	8	4	4	7			1			1	14008	0	7571	18785	3414			16966			24221	220	3214	5377	360	560			320			200	300	8471	9234	3018	3218			380			260	300	1059	2309	755	460			380			260	300	140	100	200	100			380			260	300	3498	5437	1239	760			380			260	1	8	4	4	7			1			1	13928	0	7511	18705	3414			16906			24161	300	3214	5437	440	560			380			260	18649	424	44	1679	5.31702	19	206.94	106.16	440.82	113.21	6.97	0.91	21.67	132.34	2834	215.75	111.18	106.59	6	0	2	7	0	1			2			0		6132		24681	6672						24161	14227	6452		24161	5712								440.82		112.77	158.15						375.17	367.85	145.59		375.17	307.33						
Recording067	ProVisioNET_study_111_03	Female	Novice	Looking_at_phone_fix	1	fullstream	30000	1325476	0	0	0	0	0	0	0	0	0	0	0	0	0	0	0	0	0	0	0	0	0	0	0	0	0	0	0	0	0	0	0	0	1	0	0	0	0	0	0	0	0	0	0	0	0	0	0	0																																	0																220	6816	8397	1839	2379			280			200	220	487	560	306	216			93			200	220	80	80	80	80			80			200	220	2099	3378	560	480			120			200	1	14	15	6	11			3			1	14008	76	7571	18785	3414			16966			24221	220	1679	540	360	220			80			200	Board_Screen	Board_Screen	0	0	0	0	0			0			0																																		0	0	0	0	0			0			0																							220	8211	9017	2758	3078			320			200	220	1026	2254	690	440			320			200	220	140	80	120	100			320			200	220	3458	5377	1159	760			320			200	1	8	4	4	7			1			1	14008	0	7571	18785	3414			16966			24221	220	3214	5377	360	560			320			200	300	8471	9117	3018	3218			380			260	300	1059	2279	755	460			380			260	300	140	100	200	100			380			260	300	3498	5437	1239	760			380			260	1	8	4	4	7			1			1	13928	0	7511	18705	3414			16906			24161	300	3214	5437	440	560			380			260	18649	424	44	1679	5.31702	19	206.94	106.16	440.82	113.21	6.97	0.91	21.67	132.34	2834	215.75	111.18	106.59	6	0	2	7	0	1			2			0		6132		24681	6672						24161	14227	6452		24161	5712								440.82		112.77	158.15						375.17	367.85	145.59		375.17	307.33						
Recording067	ProVisioNET_study_111_03	Female	Novice	Snipping_with_fingers	1	fullstream	1648	694123	0	0	0	0	0	0	0	0	0	0	0	0	0	0	0	0	0	0	0	0	0	0	0	0	0	0	0	0	0	0	0	0	0	0	0	0	0	0	0	0	1	0	0	0	1	0	0	0																																									876				0				822	0		0		580						411					580						243					580						580					580						2	0		0		1						0					862						243					580						Anna,Disruptive_Person		0	0		0		0																																							0	0		0		0																												1442	0		0		580						1442					580						1442					580						1442					580						1	0		0		1						0					862						1442					580						1442	0		0		580						1442					580						1442					580						1442					580						1	0		0		1						0					862						1442					580						0		0			0														0	0		0		0																																																	
Recording067	ProVisioNET_study_111_03	Female	Novice	Snpping_with_fingers_fix	1	fullstream	30000	694123	0	0	0	0	0	0	0	0	0	0	0	0	0	0	0	0	0	0	0	0	0	0	0	0	0	0	0	0	0	0	0	0	0	0	0	0	0	0	0	0	1	0	0	1	1	0	0	0																																									876			1648	0				4480	2698	854	640	1459	580	899	1019				560	270	285	320	730	580	300	340				80	80	80	260	220	580	280	320				1759	600	640	380	1239	580	320	360				8	10	3	2	2	1	3	3				0	19611	28606	18252	24648	862	23909	7918				243	100	640	260	1239	580	280	320				Board_Screen	Board_Screen	0	0	0	0	0	0	0	0																																					0	0	0	0	0	0	0	0																										9038	3358	1394	660	1679	580	899	1159				3013	840	1394	660	1679	580	300	1159				1442	420	1394	660	1679	580	280	1159				6116	1459	1394	660	1679	580	320	1159				3	4	1	1	1	1	3	1				0	19611	28606	18252	24648	862	23909	7918				1442	1459	1394	660	1679	580	280	1159				9118	3578	1414	680	1679	580	979	1239				3039	894	1414	680	1679	580	326	1239				1442	500	1414	680	1679	580	300	1239				6116	1499	1414	680	1679	580	360	1239				3	4	1	1	1	1	3	1				0	19571	28586	18232	24648	862	23889	7838				1442	1499	1414	680	1679	580	300	1239				6636	349	19	320	5.49373	11	244.65	102.39	556.8	160.94	7.88	2.88	22.66	86.63	8718	101.63	139.59	139.59	2.88	0	4	0	1	0	0	0	1				21071	26687					23889						21071			26327		26687					499.04	556.8					226.94						499.04			393.82		556.8				
Recording067	ProVisioNET_study_111_03	Female	Novice	Whispering	1	fullstream	5561	1061238	0	0	0	0	0	0	0	0	0	0	0	0	0	0	0	0	0	0	0	0	0	0	0	0	0	0	0	0	0	0	0	0	0	0	0	0	0	0	0	0	0	1	0	0	0	0	0	1																																										3802						0	0	520		3112		3112					391		260		389		389					391		120		80		80					391		400		899		899					391	0	2		8		8					1		2710		471		471					0		400		899		899					391	Carl(a),Disruptive_Person	Carl(a),Disruptive_Person	0	0		899		899					0				899		899									899		899									899		899						0	0		1		1					0				471		471									899		899						0	520		3871		3871					391		260		774		774					391		120		273		273					391		400		999		999					391	0	2		5		5					1		2710		471		471					0		400		899		899					391	0	660		3971		3971					391		330		794		794					391		200		333		333					391		460		999		999					391	0	2		5		5					1		2650		471		471					0		460		899		899					391	3498	389	9	959	5.58541	5	306.44	101.44	476.4	148.64	11.75	7	17.1	58.77	391	109.65	476.4	398.14	17.1	0	0		0		0					0		4988		1390		1390							3109		4988		4988					391		413.76		229.5		229.5							311.09		413.76		413.76					476.4
Recording067	ProVisioNET_study_111_03	Female	Novice	Whispering_fix	1	fullstream	30000	1061238	0	0	0	0	0	0	0	0	0	0	0	0	0	0	0	0	0	0	0	0	0	0	0	0	0	0	0	0	0	0	0	0	0	0	0	0	0	0	0	0	0	1	0	0	0	0	1	1																																										3802					5561	0	11393	2565	820	3718	820	3258	200		300		611	814	321	410	372	410	407	200		300		305	80	120	100	80	280	80	200		300		220	2159	939	720	899	540	899	200		300		391	14	8	2	10	2	8	1		1		2	9006	2710	6727	471	7866	471	8206		9206		0	140	400	720	899	280	899	200		300		391	Bianca	Bianca	0	0	0	899	0	899	0		0		0				899		899									899		899									899		899						0	0	0	1	0	1	0		0		0				471		471									899		899						15651	2845	839	4497	820	4018	200		300		611	3913	474	839	750	410	804	200		300		305	100	120	839	420	280	420	200		300		220	9215	1279	839	999	540	999	200		300		391	4	6	1	6	2	5	1		1		2	9006	2710	6727	471	7866	471	8206		9206		0	140	400	839	899	280	899	200		300		391	15891	3145	899	4657	879	4118	260		360		631	3973	524	899	776	440	824	260		360		315	160	200	899	480	300	480	260		360		240	9274	1319	899	999	580	999	260		360		391	4	6	1	6	2	5	1		1		2	8986	2650	6667	471	7846	471	8146		9146		0	160	460	899	899	300	899	260		360		391	17590	533	33	959	5.4301	14	340.63	101.44	583.63	143.76	11.54	2.92	25.8	161.59	391	109.65	476.4	398.14	17.1	1	0	1	1	0	0	0		0		0	16441	4988		1390	26855	1390	8146		9146			9146	3109		4988	8146	4988					391	399.21	413.76		229.5	387.3	229.5	583.63		335.04			335.04	311.09		413.76	583.63	413.76					476.4
>>>>>>> Stashed changes
Recording067	ProVisioNET_study_111_03	Female	Novice	snapshop_A_nametag	1	snapshop_A_nametag	160	593645	0	0	0	0	0	0	0	0	0	0	0	0	0	0	0	0	0	0	0	0	0	0	0	0	0	0	0	0	0	0	0	0	0	0	0	0	0	0	0	0	0	0	0	0	0	0	0	0																																																									160											160											160											160											1											0											160			Nametag_Anna	Nametag_Anna									0																																												0																																	160											160											160											160											1											0											160											160											160											160											160											1											0											160			0		0			0																						0																																														
Recording067	ProVisioNET_study_111_03	Female	Novice	snapshop_A_nametag	2	snapshop_A_nametag	380	795167	0	0	0	0	0	0	0	0	0	0	0	0	0	0	0	0	0	0	0	0	0	0	0	0	0	0	0	0	0	0	0	0	0	0	0	0	0	0	0	0	0	0	0	0	0	0	0	0																																																									380											380											380											380											1											0											380			Nametag_Anna	Nametag_Anna									0																																												0																																	380											380											380											380											1											0											380											380											380											380											380											1											0											380			0		0			0																						0																																														
Recording067	ProVisioNET_study_111_03	Female	Novice	snapshop_A_nametag	3	snapshop_A_nametag	280	853012	0	0	0	0	0	0	0	0	0	0	0	0	0	0	0	0	0	0	0	0	0	0	0	0	0	0	0	0	0	0	0	0	0	0	0	0	0	0	0	0	0	0	0	0	0	0	0	0																																																									280											280											280											280											1											0											280			Nametag_Anna	Nametag_Anna									0																																												0																																	280											280											280											280											1											0											280											280											280											280											280											1											0											280			0		0			0																						0																																														
Recording067	ProVisioNET_study_111_03	Female	Novice	snapshop_A_nametag	4	snapshop_A_nametag	460	901724	0	0	0	0	0	0	0	0	0	0	0	0	0	0	0	0	0	0	0	0	0	0	0	0	0	0	0	0	0	0	0	0	0	0	0	0	0	0	0	0	0	0	0	0	0	0	0	0																																																									460											460											460											460											1											0											460			Nametag_Anna	Nametag_Anna									0																																												0																																	460											460											460											460											1											0											460											460											460											460											460											1											0											460			0		0			0																						0																																														
Recording067	ProVisioNET_study_111_03	Female	Novice	snapshop_A_nametag	5	snapshop_A_nametag	420	965286	0	0	0	0	0	0	0	0	0	0	0	0	0	0	0	0	0	0	0	0	0	0	0	0	0	0	0	0	0	0	0	0	0	0	0	0	0	0	0	0	0	0	0	0	0	0	0	0																																																									420											420											420											420											1											0											420			Nametag_Anna	Nametag_Anna									0																																												0																																	420											420											420											420											1											0											420											420											420											420											420											1											0											420			0		0			0																						0																																														
Recording067	ProVisioNET_study_111_03	Female	Novice	snapshop_A_nametag	6	snapshop_A_nametag	300	1070444	0	0	0	0	0	0	0	0	0	0	0	0	0	0	0	0	0	0	0	0	0	0	0	0	0	0	0	0	0	0	0	0	0	0	0	0	0	0	0	0	0	0	0	0	0	0	0	0																																																									300											300											300											300											1											0											300			Nametag_Anna	Nametag_Anna									0																																												0																																	300											300											300											300											1											0											300											300											300											300											300											1											0											300			0		0			0																						0																																														
Recording067	ProVisioNET_study_111_03	Female	Novice	snapshop_A_nametag	7	snapshop_A_nametag	2019	1180518	0	0	0	0	0	0	0	0	0	0	0	0	0	0	0	0	0	0	0	0	0	0	0	0	0	0	0	0	0	0	0	0	0	0	0	0	0	0	0	0	0	0	0	0	0	0	0	0																																																									600											300											200											400											2											0											400			Nametag_Anna	Nametag_Anna									0																																												0																																	2019											2019											2019											2019											1											0											2019											2019											2019											2019											2019											1											0											2019			0		0			0																						2																																														
Recording067	ProVisioNET_study_111_03	Female	Novice	snapshop_A_nametag	8	snapshop_A_nametag	260	1224092	0	0	0	0	0	0	0	0	0	0	0	0	0	0	0	0	0	0	0	0	0	0	0	0	0	0	0	0	0	0	0	0	0	0	0	0	0	0	0	0	0	0	0	0	0	0	0	0																																																									260											260											260											260											1											0											260			Nametag_Anna	Nametag_Anna									0																																												0																																	260											260											260											260											1											0											260											260											260											260											260											1											0											260			0		0			0																						0																																														
Recording067	ProVisioNET_study_111_03	Female	Novice	snapshop_A_nametag	9	snapshop_A_nametag	320	1274502	0	0	0	0	0	0	0	0	0	0	0	0	0	0	0	0	0	0	0	0	0	0	0	0	0	0	0	0	0	0	0	0	0	0	0	0	0	0	0	0	0	0	0	0	0	0	0	0																																																									320											320											320											320											1											0											320			Nametag_Anna	Nametag_Anna									0																																												0																																	320											320											320											320											1											0											320											320											320											320											320											1											0											320			0		0			0																						0																																														
Recording067	ProVisioNET_study_111_03	Female	Novice	snapshop_A_nametag	10	snapshop_A_nametag	380	1279979	0	0	0	0	0	0	0	0	0	0	0	0	0	0	0	0	0	0	0	0	0	0	0	0	0	0	0	0	0	0	0	0	0	0	0	0	0	0	0	0	0	0	0	0	0	0	0	0																																																									380											380											380											380											1											0											380			Nametag_Anna	Nametag_Anna									0																																												0																																	380											380											380											380											1											0											380											380											380											380											380											1											0											380			0		0			0																						0																																														
Recording067	ProVisioNET_study_111_03	Female	Novice	snapshop_A_nametag	11	snapshop_A_nametag	220	1379319	0	0	0	0	0	0	0	0	0	0	0	0	0	0	0	0	0	0	0	0	0	0	0	0	0	0	0	0	0	0	0	0	0	0	0	0	0	0	0	0	0	0	0	0	0	0	0	0																																																									220											220											220											220											1											0											220			Nametag_Anna	Nametag_Anna									0																																												0																																	220											220											220											220											1											0											220											220											220											220											220											1											0											220			0		0			0																						0																																														
Recording067	ProVisioNET_study_111_03	Female	Novice	snapshop_A_nametag	12	snapshop_A_nametag	200	1431008	0	0	0	0	0	0	0	0	0	0	0	0	0	0	0	0	0	0	0	0	0	0	0	0	0	0	0	0	0	0	0	0	0	0	0	0	0	0	0	0	0	0	0	0	0	0	0	0																																																									200											200											200											200											1											0											200			Nametag_Anna	Nametag_Anna									0																																												0																																	200											200											200											200											1											0											200											200											200											200											200											1											0											200			0		0			0																						0																																														
Recording067	ProVisioNET_study_111_03	Female	Novice	snapshop_B_nametag	1	snapshop_B_nametag	600	641137	0	0	0	0	0	0	0	0	0	0	0	0	0	0	0	0	0	0	0	0	0	0	0	0	0	0	0	0	0	0	0	0	0	0	0	0	0	0	0	0	0	0	0	0	0	0	0	0																																																										600											600											600											600											1											0											600		Nametag_Bianca	Nametag_Bianca										0																																												0																																	600											600											600											600											1											0											600											600											600											600											600											1											0											600		0		0			0																							0																																													
Recording067	ProVisioNET_study_111_03	Female	Novice	snapshop_B_nametag	2	snapshop_B_nametag	660	829886	0	0	0	0	0	0	0	0	0	0	0	0	0	0	0	0	0	0	0	0	0	0	0	0	0	0	0	0	0	0	0	0	0	0	0	0	0	0	0	0	0	0	0	0	0	0	0	0																																																										640											320											160											480											2											0											160		Nametag_Bianca	Nametag_Bianca										0																																												0																																	660											660											660											660											1											0											660											660											660											660											660											1											0											660		0		0			0																							1																																													
Recording067	ProVisioNET_study_111_03	Female	Novice	snapshop_B_nametag	3	snapshop_B_nametag	220	1179499	0	0	0	0	0	0	0	0	0	0	0	0	0	0	0	0	0	0	0	0	0	0	0	0	0	0	0	0	0	0	0	0	0	0	0	0	0	0	0	0	0	0	0	0	0	0	0	0																																																										220											220											220											220											1											0											220		Nametag_Bianca	Nametag_Bianca										0																																												0																																	220											220											220											220											1											0											220											220											220											220											220											1											0											220		0		0			0																							0																																													
Recording067	ProVisioNET_study_111_03	Female	Novice	snapshop_B_nametag	4	snapshop_B_nametag	4257	1206603	0	0	0	0	0	0	0	0	0	0	0	0	0	0	0	0	0	0	0	0	0	0	0	0	0	0	0	0	0	0	0	0	0	0	0	0	0	0	0	0	0	0	0	0	0	0	0	0																																																										780											390											340											440											2											0											440		Nametag_Bianca	Nametag_Bianca										0																																												0																																	4257											4257											4257											4257											1											0											4257											4257											4257											4257											4257											1											0											4257		0		0			0																							4																																													
Recording067	ProVisioNET_study_111_03	Female	Novice	snapshop_B_nametag	5	snapshop_B_nametag	280	1290852	0	0	0	0	0	0	0	0	0	0	0	0	0	0	0	0	0	0	0	0	0	0	0	0	0	0	0	0	0	0	0	0	0	0	0	0	0	0	0	0	0	0	0	0	0	0	0	0																																																										280											280											280											280											1											0											280		Nametag_Bianca	Nametag_Bianca										0																																												0																																	280											280											280											280											1											0											280											280											280											280											280											1											0											280		0		0			0																							0																																													
Recording067	ProVisioNET_study_111_03	Female	Novice	snapshop_B_nametag	6	snapshop_B_nametag	4637	1415358	0	0	0	0	0	0	0	0	1	0	0	0	0	0	0	0	0	0	0	0	0	0	0	0	0	0	0	0	0	0	0	0	0	1	0	0	0	0	0	0	0	0	0	0	0	0	0	0									2197																									1062																								520											173											80											320											3											0											320		Nametag_Bianca	Nametag_Bianca										0																																												0																																	4637											4637											4637											4637											1											0											4637											4637											4637											4637											4637											1											0											4637		0		0			0																							0																																													
Recording067	ProVisioNET_study_111_03	Female	Novice	snapshop_board_screen	1	snapshop_board_screen	899	507296	0	1	0	0	0	0	0	0	0	0	0	0	0	0	0	0	0	0	0	0	0	0	0	0	0	0	0	0	0	0	0	0	0	0	0	0	0	0	0	0	0	0	0	0	0	0	0	0		757																																																	600											150											100											220											4											0											100									Board_Screen	Board_Screen			0																																												0																																	899											899											899											899											1											0											899											899											899											899											899											1											0											899									0		0			0																1																																																				
Recording067	ProVisioNET_study_111_03	Female	Novice	snapshop_board_screen	2	snapshop_board_screen	31881	532621	0	0	0	0	0	0	0	0	0	0	0	0	0	0	0	0	0	0	0	0	0	0	0	0	0	0	0	0	0	0	0	0	0	0	0	0	0	0	0	0	0	0	0	0	0	0	0	0																																																			11114											427											80											1459											26											0											320									Board_Screen	Board_Screen			0																																												0																																	31881											31881											31881											31881											1											0											31881											31881											31881											31881											31881											1											0											31881									0		0			0																27																																																				
Recording067	ProVisioNET_study_111_03	Female	Novice	snapshop_board_screen	3	snapshop_board_screen	680	571618	0	0	0	0	0	0	0	0	0	0	0	0	0	0	0	0	0	0	0	0	0	0	0	0	0	0	0	0	0	0	0	0	0	0	0	0	0	0	0	0	0	0	0	0	0	0	0	0																																																			660											330											140											520											2											0											520									Board_Screen	Board_Screen			0																																												0																																	680											680											680											680											1											0											680											680											680											680											680											1											0											680									0		0			0																1																																																				
Recording067	ProVisioNET_study_111_03	Female	Novice	snapshop_board_screen	4	snapshop_board_screen	1819	722729	0	0	0	0	0	0	0	0	0	0	0	0	0	0	0	0	0	0	0	0	0	0	0	0	0	0	0	0	0	0	0	0	0	0	0	0	0	0	0	0	0	0	1	0	0	0	0	0																																											1394								1159											290											80											640											4											0											640									Board_Screen	Board_Screen			0																																												0																																	1819											1819											1819											1819											1											0											1819											1819											1819											1819											1819											1											0											1819									0		0			0																0																																																				
Recording067	ProVisioNET_study_111_03	Female	Novice	snapshop_board_screen	5	snapshop_board_screen	8775	805860	0	0	0	0	0	0	0	0	0	0	0	0	0	0	0	0	0	0	0	1	0	0	0	0	0	0	0	0	0	0	0	0	0	0	0	0	0	0	0	0	0	0	0	0	0	0	0	0																				7659																															7995											615											100											3538											13											0											240									Board_Screen	Board_Screen			0																																												0																																	8775											8775											8775											8775											1											0											8775											8775											8775											8775											8775											1											0											8775									0		0			0																8																																																				
Recording067	ProVisioNET_study_111_03	Female	Novice	snapshop_board_screen	6	snapshop_board_screen	11733	820512	0	0	0	0	0	0	0	0	0	0	0	0	0	0	0	0	0	0	0	0	0	0	0	0	0	0	0	0	0	0	0	0	0	0	0	0	0	0	0	0	0	0	0	0	0	0	0	0																																																			4617											420											80											1379											11											0											140									Board_Screen	Board_Screen			0																																												0																																	11733											11733											11733											11733											1											0											11733											11733											11733											11733											11733											1											0											11733									0		0			0																11																																																				
Recording067	ProVisioNET_study_111_03	Female	Novice	snapshop_board_screen	7	snapshop_board_screen	13892	837881	0	0	0	0	0	0	0	0	0	0	0	0	0	0	0	0	0	0	0	0	0	0	0	0	0	0	0	0	0	0	0	0	0	0	0	0	0	0	0	0	0	0	0	0	0	0	0	0																																																			6796											755											100											3218											9											0											3218									Board_Screen	Board_Screen			0																																												0																																	13892											13892											13892											13892											1											0											13892											13892											13892											13892											13892											1											0											13892									0		0			0																7																																																				
Recording067	ProVisioNET_study_111_03	Female	Novice	snapshop_board_screen	8	snapshop_board_screen	1079	886932	0	0	0	0	0	0	0	0	0	0	0	0	0	0	0	0	0	0	0	0	0	0	0	0	0	0	0	0	0	0	0	0	0	0	0	0	0	0	0	0	0	0	0	0	0	0	0	0																																																			879											293											100											500											3											0											500									Board_Screen	Board_Screen			0																																												0																																	1079											1079											1079											1079											1											0											1079											1079											1079											1079											1079											1											0											1079									0		0			0																1																																																				
Recording067	ProVisioNET_study_111_03	Female	Novice	snapshop_board_screen	9	snapshop_board_screen	11993	897506	0	0	0	0	0	0	0	0	0	0	0	0	0	0	0	0	0	0	0	0	0	0	1	0	0	0	0	0	0	0	0	0	0	0	0	0	0	0	0	0	0	0	0	0	0	0	0	0																							7204																												5177											370											80											939											14											0											80									Board_Screen	Board_Screen			0																																												0																																	11993											11993											11993											11993											1											0											11993											11993											11993											11993											11993											1											0											11993									0		0			0																15																																																				
Recording067	ProVisioNET_study_111_03	Female	Novice	snapshop_board_screen	10	snapshop_board_screen	21467	914736	0	0	0	0	0	0	0	0	0	0	0	0	0	0	0	0	0	0	0	0	0	0	0	0	0	0	0	0	0	0	0	0	0	0	0	0	0	0	0	0	0	0	0	0	0	0	0	0																																																			9294											443											80											1139											21											40											140									Board_Screen	Board_Screen			0																																												0																																	21467											21467											21467											21467											1											0											21467											21467											21467											21467											21467											1											0											21467									0		0			0																18																																																				
Recording067	ProVisioNET_study_111_03	Female	Novice	snapshop_board_screen	11	snapshop_board_screen	19928	941360	0	0	0	0	0	0	0	0	0	0	0	0	0	0	0	0	0	0	0	0	0	0	0	0	0	0	0	0	0	0	0	0	0	0	0	0	0	0	0	0	0	0	0	0	0	0	0	0																																																			8975											561											100											3558											16											0											200									Board_Screen				0																																												0																																	19928											19928											19928											19928											1											0											19928											19928											19928											19928											19928											1											0											19928									0		0			0																14																																																				
Recording067	ProVisioNET_study_111_03	Female	Novice	snapshop_board_screen	12	snapshop_board_screen	13592	970123	0	0	0	0	0	0	0	0	0	0	0	0	0	0	0	0	0	0	0	0	0	0	0	0	0	0	0	0	0	0	0	0	0	0	0	0	0	0	0	0	0	0	0	0	0	0	0	0																																																			6156											513											80											2319											12											0											80									Board_Screen	Board_Screen			0																																												0																																	13592											13592											13592											13592											1											0											13592											13592											13592											13592											13592											1											0											13592									0		0			0																7																																																				
Recording067	ProVisioNET_study_111_03	Female	Novice	snapshop_board_screen	13	snapshop_board_screen	3718	990071	0	0	0	0	0	0	0	0	0	0	0	0	0	0	0	0	0	0	0	0	0	0	0	0	0	0	0	0	0	0	0	0	0	0	0	0	0	0	0	0	0	0	0	0	0	0	0	0																																																			979											326											140											620											3											0											620									Board_Screen	Board_Screen			0																																												0																																	3718											3718											3718											3718											1											0											3718											3718											3718											3718											3718											1											0											3718									0		0			0																1																																																				
Recording067	ProVisioNET_study_111_03	Female	Novice	snapshop_board_screen	14	snapshop_board_screen	5637	1001305	0	0	0	0	0	0	0	0	0	0	0	0	0	0	0	0	0	0	0	0	0	0	0	0	0	0	0	0	0	0	0	0	0	0	0	0	0	0	0	0	0	0	0	0	0	0	0	0																																																			2099											700											140											1199											3											0											1199									Board_Screen	Board_Screen			0																																												0																																	5637											5637											5637											5637											1											0											5637											5637											5637											5637											5637											1											0											5637									0		0			0																3																																																				
Recording067	ProVisioNET_study_111_03	Female	Novice	snapshop_board_screen	15	snapshop_board_screen	979	1012818	0	0	0	0	0	0	0	0	0	0	0	0	0	0	0	0	0	0	0	0	0	0	0	0	0	0	0	0	0	0	0	0	0	0	0	0	0	0	0	0	0	0	0	0	0	0	0	0																																																			979											979											979											979											1											0											979									Board_Screen	Board_Screen			0																																												0																																	979											979											979											979											1											0											979											979											979											979											979											1											0											979									0		0			0																0																																																				
Recording067	ProVisioNET_study_111_03	Female	Novice	snapshop_board_screen	16	snapshop_board_screen	3918	1021213	0	0	0	0	0	0	0	0	0	0	0	0	0	0	0	0	0	0	0	0	0	0	0	0	0	0	0	0	0	0	0	0	0	0	0	0	0	0	0	0	0	0	0	0	0	0	0	0																																																			1279											640											200											1079											2											40											1079									Board_Screen	Board_Screen			0																																												0																																	3918											3918											3918											3918											1											0											3918											3918											3918											3918											3918											1											0											3918									0		0			0																1																																																				
Recording067	ProVisioNET_study_111_03	Female	Novice	snapshop_board_screen	17	snapshop_board_screen	26324	1032826	0	0	0	0	0	0	0	0	0	0	0	0	0	0	0	0	0	0	0	0	0	0	0	0	0	0	0	0	0	0	0	0	0	0	0	0	0	0	0	0	0	0	0	0	0	0	0	0																																																			9854											365											80											1479											27											0											120									Board_Screen	Board_Screen			0																																												0																																	26324											26324											26324											26324											1											0											26324											26324											26324											26324											26324											1											0											26324									0		0			0																18																																																				
Recording067	ProVisioNET_study_111_03	Female	Novice	snapshop_board_screen	18	snapshop_board_screen	839	1067965	0	0	0	0	0	0	0	0	0	0	0	0	0	0	0	0	0	0	0	0	0	0	0	0	0	0	0	0	0	0	0	0	0	0	0	0	0	0	0	0	0	0	0	0	0	0	0	0																																																			820											410											100											720											2											0											720									Board_Screen	Board_Screen			0																																												0																																	839											839											839											839											1											0											839											839											839											839											839											1											0											839									0		0			0																1																																																				
Recording067	ProVisioNET_study_111_03	Female	Novice	snapshop_board_screen	19	snapshop_board_screen	6176	1112319	0	0	0	0	0	0	0	0	0	0	0	0	0	0	0	0	0	0	0	0	0	0	0	0	0	0	0	0	0	0	0	0	0	0	0	0	0	0	0	0	0	0	0	0	0	0	0	0																																																			5677											437											140											740											13											0											140									Board_Screen	Board_Screen			0																																												0																																	6176											6176											6176											6176											1											0											6176											6176											6176											6176											6176											1											0											6176									0		0			0																10																																																				
Recording067	ProVisioNET_study_111_03	Female	Novice	snapshop_board_screen	20	snapshop_board_screen	4277	1138643	0	0	0	0	0	0	0	0	0	0	0	0	0	0	0	0	0	0	0	0	0	0	0	0	0	0	0	0	0	0	0	0	0	0	0	0	0	0	0	0	0	0	0	0	0	0	0	0																																																			3958											440											140											1079											9											0											140									Board_Screen	Board_Screen			0																																												0																																	4277											4277											4277											4277											1											0											4277											4277											4277											4277											4277											1											0											4277									0		0			0																7																																																				
Recording067	ProVisioNET_study_111_03	Female	Novice	snapshop_board_screen	21	snapshop_board_screen	720	1153794	0	0	0	0	0	0	0	0	0	0	0	0	0	0	0	0	0	0	0	0	0	0	0	0	0	0	0	0	0	0	0	0	0	0	0	0	0	0	0	0	0	0	0	0	0	0	0	0																																																			620											207											100											380											3											0											100									Board_Screen	Board_Screen			0																																												0																																	720											720											720											720											1											0											720											720											720											720											720											1											0											720									0		0			0																1																																																				
Recording067	ProVisioNET_study_111_03	Female	Novice	snapshop_board_screen	22	snapshop_board_screen	9254	1168405	0	0	0	0	0	0	0	0	0	0	1	0	0	0	0	0	0	0	0	0	0	0	0	0	0	0	0	0	0	0	0	0	0	0	0	0	0	0	0	0	0	0	0	0	0	0	0	0											6557																																								7376											922											100											2499											8											0											280									Board_Screen	Board_Screen			0																																												0																																	9254											9254											9254											9254											1											0											9254											9254											9254											9254											9254											1											0											9254									0		0			0																6																																																				
Recording067	ProVisioNET_study_111_03	Female	Novice	snapshop_board_screen	23	snapshop_board_screen	13932	1191651	0	0	0	0	0	0	0	0	0	0	0	0	0	0	0	0	0	0	0	0	0	0	0	0	0	0	0	0	0	0	0	0	0	0	0	0	0	0	0	0	0	0	0	0	0	0	0	0																																																			13412											1341											100											4058											10											0											100									Board_Screen	Board_Screen			0																																												0																																	13932											13932											13932											13932											1											0											13932											13932											13932											13932											13932											1											0											13932									0		0			0																7																																																				
Recording067	ProVisioNET_study_111_03	Female	Novice	snapshop_board_screen	24	snapshop_board_screen	12692	1230089	0	0	0	0	0	0	0	0	0	0	0	0	0	0	0	1	0	0	0	0	0	0	0	0	0	0	0	0	0	0	0	0	0	0	0	0	0	0	0	0	0	0	0	0	0	0	0	0																4329																																			11853											1317											80											6196											9											0											80									Board_Screen				0																																												0																																	12692											12692											12692											12692											1											0											12692											12692											12692											12692											12692											1											0											12692									0		0			0																4																																																				
Recording067	ProVisioNET_study_111_03	Female	Novice	snapshop_board_screen	25	snapshop_board_screen	540	1264168	0	0	0	0	0	0	0	0	0	0	0	0	0	1	0	0	0	0	0	0	0	0	0	0	0	0	0	0	0	0	0	0	0	0	0	0	0	0	0	0	0	0	0	0	0	0	0	0														250																																					540											540											540											540											1											0											540									Board_Screen	Board_Screen			0																																												0																																	540											540											540											540											1											0											540											540											540											540											540											1											0											540									0		0			0																0																																																				
Recording067	ProVisioNET_study_111_03	Female	Novice	snapshop_board_screen	26	snapshop_board_screen	24266	1297049	0	0	0	0	0	0	0	0	0	0	0	0	0	0	0	0	0	0	0	0	0	0	0	0	0	0	0	0	0	0	0	0	0	0	0	0	0	0	0	0	0	0	0	0	0	0	0	0																																																			21747											1450											140											6496											15											0											140									Board_Screen	Board_Screen			0																																												0																																	24266											24266											24266											24266											1											0											24266											24266											24266											24266											24266											1											0											24266									0		0			0																7																																																				
Recording067	ProVisioNET_study_111_03	Female	Novice	snapshop_board_screen	27	snapshop_board_screen	8075	1333047	0	0	0	0	0	0	0	0	0	0	0	0	0	0	0	0	0	0	0	0	0	0	0	0	0	0	0	0	0	0	0	0	0	0	0	0	0	0	0	0	0	0	0	0	0	0	0	0																																																			5577											620											80											3378											9											0											540									Board_Screen	Board_Screen			0																																												0																																	8075											8075											8075											8075											1											0											8075											8075											8075											8075											8075											1											0											8075									0		0			0																5																																																				
Recording067	ProVisioNET_study_111_03	Female	Novice	snapshop_board_screen	28	snapshop_board_screen	9954	1352475	0	0	0	0	0	0	0	0	0	0	0	0	0	0	0	0	0	0	0	0	0	0	0	0	0	0	0	0	0	0	1	1	0	0	0	0	0	0	0	0	0	0	0	0	0	0	0	0																															3001	3118																			9674											1382											200											3998											7											0											260									Board_Screen	Board_Screen			0																																												0																																	9954											9954											9954											9954											1											0											9954											9954											9954											9954											9954											1											0											9954									0		0			0																4																																																				
Recording067	ProVisioNET_study_111_03	Female	Novice	snapshop_board_screen	29	snapshop_board_screen	20728	1383597	0	0	0	0	0	0	0	0	0	0	0	0	0	0	0	0	0	0	0	0	0	0	0	0	0	0	0	0	0	0	0	0	0	0	0	0	0	0	0	0	0	0	0	0	0	0	0	0																																																			18029											1002											80											6996											18											0											140									Board_Screen	Board_Screen			0																																												0																																	20728											20728											20728											20728											1											0											20728											20728											20728											20728											20728											1											0											20728									0		0			0																12																																																				
Recording067	ProVisioNET_study_111_03	Female	Novice	snapshop_board_screen	30	snapshop_board_screen	720	1410601	0	0	0	0	0	0	0	0	0	0	0	0	0	0	0	0	0	0	0	0	0	0	0	0	0	0	0	0	0	0	0	0	0	0	0	0	0	0	0	0	0	0	0	0	0	0	0	0																																																			700											350											260											440											2											0											440									Board_Screen	Board_Screen			0																																												0																																	720											720											720											720											1											0											720											720											720											720											720											1											0											720									0		0			0																1																																																				
Recording067	ProVisioNET_study_111_03	Female	Novice	snapshop_board_screen	31	snapshop_board_screen	400	1438004	0	0	0	0	0	0	0	0	0	0	0	0	0	0	0	0	0	0	0	0	0	0	0	0	0	0	0	0	0	0	0	0	0	0	0	0	0	0	0	0	0	0	0	0	0	0	0	0																																																			400											400											400											400											1											0											400									Board_Screen	Board_Screen			0																																												0																																	400											400											400											400											1											0											400											400											400											400											400											1											0											400									0		0			0																0																																																				
Recording067	ProVisioNET_study_111_03	Female	Novice	snapshop_board_screen	32	snapshop_board_screen	5777	1444340	0	0	0	0	0	0	0	1	0	0	0	0	0	0	0	0	0	0	0	0	0	0	0	0	0	0	0	0	0	0	0	0	0	0	0	0	0	0	0	0	0	0	0	0	0	0	0	0								74																																											1959											392											80											939											5											0											80									Board_Screen	Board_Screen			0																																												0																																	5777											5777											5777											5777											1											0											5777											5777											5777											5777											5777											1											0											5777									0		0			0																4																																																				
Recording067	ProVisioNET_study_111_03	Female	Novice	snapshop_board_screen	33	snapshop_board_screen	80	1505664	0	0	0	0	0	0	0	0	0	0	0	0	0	0	0	0	0	0	0	0	0	0	0	0	0	0	0	0	0	0	0	0	0	0	0	0	0	0	0	0	0	0	0	0	0	0	0	0																																																			80											80											80											80											1											0											80									Board_Screen	Board_Screen			0																																												0																																	80											80											80											80											1											0											80											80											80											80											80											1											0											80									0		0			0																0																																																				
Recording067	ProVisioNET_study_111_03	Female	Novice	snapshop_board_screen	34	snapshop_board_screen	3798	1531808	0	0	0	0	0	0	0	0	0	0	0	0	0	0	0	0	0	0	0	0	0	0	0	0	0	0	0	0	0	0	0	0	0	0	0	0	0	0	0	0	0	0	0	0	0	0	0	0																																																			1299											260											100											420											5											0											360									Board_Screen	Board_Screen			0																																												0																																	3798											3798											3798											3798											1											0											3798											3798											3798											3798											3798											1											0											3798									0		0			0																5																																																				
Recording067	ProVisioNET_study_111_03	Female	Novice	snapshop_board_screen	35	snapshop_board_screen	440	1541842	0	0	0	0	0	0	0	0	0	0	0	0	0	0	0	0	0	0	0	0	0	0	0	0	0	0	0	0	0	0	0	0	0	0	0	0	0	0	0	0	0	0	0	0	0	0	0	0																																																			260											130											80											180											2											0											80									Board_Screen	Board_Screen			0																																												0																																	440											440											440											440											1											0											440											440											440											440											440											1											0											440									0		0			0																0																																																				
Recording067	ProVisioNET_study_111_03	Female	Novice	snapshop_board_screen	36	snapshop_board_screen	4817	1552116	0	0	0	0	0	0	0	0	0	0	0	0	0	0	0	0	0	0	0	0	0	0	0	0	0	0	0	0	0	0	0	0	0	0	0	0	0	0	0	0	0	0	0	0	0	0	0	0																																																			1039											208											80											380											5											0											80									Board_Screen	Board_Screen			0																																												0																																	4817											4817											4817											4817											1											0											4817											4817											4817											4817											4817											1											0											4817									0		0			0																2																																																				
Recording067	ProVisioNET_study_111_03	Female	Novice	snapshop_board_screen	37	snapshop_board_screen	780	1574083	0	0	0	0	0	0	0	0	0	0	0	0	0	0	0	0	0	0	0	0	0	0	0	0	0	0	0	0	0	0	0	0	0	0	0	0	0	0	0	0	0	0	0	0	0	0	0	0																																																			680											170											80											360											4											0											100									Board_Screen	Board_Screen			0																																												0																																	780											780											780											780											1											0											780											780											780											780											780											1											0											780									0		0			0																2																																																				
Recording067	ProVisioNET_study_111_03	Female	Novice	snapshop_C_nametag	1	snapshop_C_nametag	340	613034	0	0	0	0	0	0	0	0	0	0	0	0	0	0	0	0	0	0	0	0	0	0	0	0	0	0	0	0	0	0	0	0	0	0	0	0	0	0	0	0	0	0	0	0	0	0	0	0																																																											340											340											340											340											1											0											340	Nametag_Carl(a)	Nametag_Carl(a)											0																																												0																																	340											340											340											340											1											0											340											340											340											340											340											1											0											340	0		0			0																								0																																												
Recording067	ProVisioNET_study_111_03	Female	Novice	snapshop_C_nametag	2	snapshop_C_nametag	340	819812	0	0	0	0	0	0	0	0	0	0	0	0	0	0	0	0	0	0	0	0	0	0	0	0	0	0	0	0	0	0	0	0	0	0	0	0	0	0	0	0	0	0	0	0	0	0	0	0																																																											320											320											320											320											1											0											320	Nametag_Carl(a)												0																																												0																																	340											340											340											340											1											0											340											340											340											340											340											1											0											340	0		0			0																								0																																												
Recording067	ProVisioNET_study_111_03	Female	Novice	snapshop_C_nametag	3	snapshop_C_nametag	280	848255	0	0	0	0	0	0	0	0	0	0	0	0	0	0	0	0	0	0	0	0	0	0	0	0	0	0	0	0	0	0	0	0	0	0	0	0	0	0	0	0	0	0	0	0	0	0	0	0																																																											280											280											280											280											1											0											280	Nametag_Carl(a)	Nametag_Carl(a)											0																																												0																																	280											280											280											280											1											0											280											280											280											280											280											1											0											280	0		0			0																								0																																												
Recording067	ProVisioNET_study_111_03	Female	Novice	snapshop_C_nametag	4	snapshop_C_nametag	400	1061229	0	0	0	0	0	0	0	0	0	0	0	0	0	0	0	0	0	0	0	0	0	0	0	0	0	0	0	0	0	0	0	0	0	0	0	0	0	0	0	0	0	0	0	0	0	0	0	1																																																9											400											400											400											400											1											0											400	Nametag_Carl(a)	Nametag_Carl(a)											0																																												0																																	400											400											400											400											1											0											400											400											400											400											400											1											0											400	0		0			0																								0																																												
Recording067	ProVisioNET_study_111_03	Female	Novice	snapshop_C_nametag	5	snapshop_C_nametag	220	1069804	0	0	0	0	0	0	0	0	0	0	0	0	0	0	0	0	0	0	0	0	0	0	0	0	0	0	0	0	0	0	0	0	0	0	0	0	0	0	0	0	0	0	0	0	0	0	0	0																																																											220											220											220											220											1											0											220	Nametag_Carl(a)	Nametag_Carl(a)											0																																												0																																	220											220											220											220											1											0											220											220											220											220											220											1											0											220	0		0			0																								0																																												
Recording067	ProVisioNET_study_111_03	Female	Novice	snapshop_C_nametag	6	snapshop_C_nametag	1839	1106262	0	0	0	0	0	0	0	0	0	0	0	0	0	0	0	0	0	0	0	0	0	0	0	0	0	0	0	0	0	0	0	0	0	0	0	0	0	0	0	0	0	0	0	0	0	0	0	0																																																											360											180											120											240											2											0											120	Nametag_Carl(a)	Nametag_Carl(a)											0																																												0																																	1839											1839											1839											1839											1											0											1839											1839											1839											1839											1839											1											0											1839	0		0			0																								2																																												
Recording067	ProVisioNET_study_111_03	Female	Novice	snapshop_C_nametag	7	snapshop_C_nametag	180	1144580	0	0	0	0	0	0	0	0	0	0	0	0	0	0	0	0	0	0	0	0	0	0	0	0	0	0	0	0	0	0	0	0	0	0	0	0	0	0	0	0	0	0	0	0	0	0	0	0																																																											180											180											180											180											1											0											180	Nametag_Carl(a)	Nametag_Carl(a)											0																																												0																																	180											180											180											180											1											0											180											180											180											180											180											1											0											180	0		0			0																								0																																												
Recording067	ProVisioNET_study_111_03	Female	Novice	snapshop_C_nametag	8	snapshop_C_nametag	80	1151455	0	0	0	0	0	0	0	0	0	0	0	0	0	0	0	0	0	0	0	0	0	0	0	0	0	0	0	0	0	0	0	0	0	0	0	0	0	0	0	0	0	0	0	0	0	0	0	0																																																											80											80											80											80											1											0											80	Nametag_Carl(a)	Nametag_Carl(a)											0																																												0																																	80											80											80											80											1											0											80											80											80											80											80											1											0											80	0		0			0																								0																																												
Recording067	ProVisioNET_study_111_03	Female	Novice	snapshop_C_nametag	9	snapshop_C_nametag	100	1164408	0	0	0	0	0	0	0	0	0	0	0	0	0	0	0	0	0	0	0	0	0	0	0	0	0	0	0	0	0	0	0	0	0	0	0	0	0	0	0	0	0	0	0	0	0	0	0	0																																																											100											100											100											100											1											0											100	Nametag_Carl(a)	Nametag_Carl(a)											0																																												0																																	100											100											100											100											1											0											100											100											100											100											100											1											0											100	0		0			0																								0																																												
Recording067	ProVisioNET_study_111_03	Female	Novice	snapshop_C_nametag	10	snapshop_C_nametag	4797	1244720	0	0	0	0	0	0	0	0	0	0	0	0	0	0	1	0	0	0	0	0	0	0	0	0	0	0	0	0	0	0	0	0	0	0	0	1	0	0	0	0	0	0	0	0	0	0	0	0															3050																					120																							460											230											220											240											2											0											240	Nametag_Carl(a)	Nametag_Carl(a)											0																																												0																																	4797											4797											4797											4797											1											0											4797											4797											4797											4797											4797											1											0											4797	0		0			0																								2																																												
Recording067	ProVisioNET_study_111_03	Female	Novice	snapshop_C_nametag	11	snapshop_C_nametag	200	1349697	0	0	0	0	0	0	0	0	0	0	0	0	0	0	0	0	0	0	0	0	0	0	0	0	0	0	0	0	0	0	0	0	0	0	0	0	0	0	0	0	0	0	0	0	0	0	0	0																																																											200											200											200											200											1											0											200	Nametag_Carl(a)	Nametag_Carl(a)											0																																												0																																	200											200											200											200											1											0											200											200											200											200											200											1											0											200	0		0			0																								0																																												
Recording067	ProVisioNET_study_111_03	Female	Novice	snapshop_C_nametag	12	snapshop_C_nametag	140	1505084	0	0	0	0	0	0	0	0	0	0	0	0	0	0	0	0	0	0	0	0	0	0	0	0	0	0	0	0	0	0	0	0	0	0	0	0	0	0	0	0	0	0	0	0	0	0	0	0																																																											140											140											140											140											1											0											140	Nametag_Carl(a)	Nametag_Carl(a)											0																																												0																																	140											140											140											140											1											0											140											140											140											140											140											1											0											140	0		0			0																								0																																												
Recording067	ProVisioNET_study_111_03	Female	Novice	snapshopt_material_students	1	snapshopt_material_students	5897	513852	0	0	0	0	0	0	0	0	0	0	0	0	0	0	0	0	0	0	0	0	0	0	0	0	0	0	0	0	0	0	0	0	0	0	0	0	0	0	0	0	0	0	0	0	0	0	0	0																																																							1079											540											100											979											2											0											979					Material_Students	Material_Students							0																																												0																																	5897											5897											5897											5897											1											0											5897											5897											5897											5897											5897											1											0											5897					0		0			0																				7																																																
Recording067	ProVisioNET_study_111_03	Female	Novice	snapshopt_material_students	2	snapshopt_material_students	5397	582472	0	0	0	0	0	0	0	0	0	0	0	0	0	0	0	0	0	0	0	0	0	0	0	0	0	0	0	0	0	0	0	0	0	0	0	0	0	0	0	0	0	0	0	0	0	0	0	0																																																							3818											477											80											999											8											0											360					Material_Students								0																																												0																																	5397											5397											5397											5397											1											0											5397											5397											5397											5397											5397											1											0											5397					0		0			0																				4																																																
Recording067	ProVisioNET_study_111_03	Female	Novice	snapshopt_material_students	3	snapshopt_material_students	1659	593405	0	0	0	0	0	0	0	0	0	0	0	0	0	0	0	0	0	0	0	0	0	0	0	0	0	0	0	0	0	0	0	0	0	0	0	0	0	0	0	0	0	0	0	0	0	0	0	0																																																							320											160											140											180											2											0											140					Material_Students	Material_Students							0																																												0																																	1659											1659											1659											1659											1											0											1659											1659											1659											1659											1659											1											0											1659					0		0			0																				3																																																
Recording067	ProVisioNET_study_111_03	Female	Novice	snapshopt_material_students	4	snapshopt_material_students	160	630743	0	0	0	0	0	0	0	0	0	0	0	0	0	0	0	0	0	0	0	0	0	0	0	0	0	0	0	0	0	0	0	0	0	0	0	0	0	0	0	0	0	0	0	0	0	0	0	0																																																							160											160											160											160											1											0											160					Material_Students	Material_Students							0																																												0																																	160											160											160											160											1											0											160											160											160											160											160											1											0											160					0		0			0																				0																																																
Recording067	ProVisioNET_study_111_03	Female	Novice	snapshopt_material_students	5	snapshopt_material_students	300	652790	0	0	0	0	0	0	0	0	0	0	0	0	0	0	0	0	0	0	0	0	0	0	0	0	0	0	0	0	0	0	0	0	0	0	0	0	0	0	0	0	0	0	0	0	0	0	0	0																																																							300											300											300											300											1											0											300					Material_Students	Material_Students							0																																												0																																	300											300											300											300											1											0											300											300											300											300											300											1											0											300					0		0			0																				0																																																
Recording067	ProVisioNET_study_111_03	Female	Novice	snapshopt_material_students	6	snapshopt_material_students	140	690708	0	0	0	0	0	0	0	0	0	0	0	0	0	0	0	0	0	0	0	0	0	0	0	0	0	0	0	0	0	0	0	0	0	0	0	0	0	0	0	0	0	0	0	0	0	0	0	0																																																							140											140											140											140											1											0											140					Material_Students	Material_Students							0																																												0																																	140											140											140											140											1											0											140											140											140											140											140											1											0											140					0		0			0																				0																																																
Recording067	ProVisioNET_study_111_03	Female	Novice	snapshopt_material_students	7	snapshopt_material_students	3598	718032	0	0	0	0	0	0	0	0	0	0	0	0	0	0	0	0	0	0	0	0	0	0	0	0	0	0	0	0	0	0	0	0	0	0	0	0	0	0	0	0	0	0	0	0	0	0	0	0																																																							899											300											280											320											3											0											280					Material_Students	Material_Students							0																																												0																																	3598											3598											3598											3598											1											0											3598											3598											3598											3598											3598											1											0											3598					0		0			0																				3																																																
Recording067	ProVisioNET_study_111_03	Female	Novice	snapshopt_material_students	8	snapshopt_material_students	300	728666	0	0	0	0	0	0	0	0	0	0	0	0	0	0	0	0	0	0	0	0	0	0	0	0	0	0	0	0	0	0	0	0	0	0	0	0	0	0	0	0	0	0	0	0	0	0	0	0																																																							300											300											300											300											1											0											300					Material_Students	Material_Students							0																																												0																																	300											300											300											300											1											0											300											300											300											300											300											1											0											300					0		0			0																				0																																																
Recording067	ProVisioNET_study_111_03	Female	Novice	snapshopt_material_students	9	snapshopt_material_students	47272	735262	0	0	0	0	0	0	0	0	0	0	0	0	0	0	0	0	0	0	0	0	0	0	0	0	0	0	0	0	0	0	0	0	0	0	0	0	0	0	0	0	0	0	0	0	0	0	0	0																																																							35419											600											80											2399											59											0											600					Material_Students	Material_Students							0																																												0																																	47272											47272											47272											47272											1											0											47272											47272											47272											47272											47272											1											0											47272					0		0			0																				46																																																
Recording067	ProVisioNET_study_111_03	Female	Novice	snapshopt_material_students	10	snapshopt_material_students	1059	791689	0	0	0	0	0	0	0	0	0	0	0	0	0	0	0	0	0	0	0	0	0	0	0	0	0	0	0	0	0	0	0	0	0	0	0	0	0	0	0	0	0	0	0	0	0	0	0	0																																																							1059											1059											1059											1059											1											0											1059					Material_Students	Material_Students							0																																												0																																	1059											1059											1059											1059											1											0											1059											1059											1059											1059											1059											1											0											1059					0		0			0																				0																																																
Recording067	ProVisioNET_study_111_03	Female	Novice	snapshopt_material_students	11	snapshopt_material_students	220	876259	0	0	0	0	0	0	0	0	0	0	0	0	0	0	0	0	0	0	0	0	0	0	0	0	0	0	0	0	0	0	0	0	0	0	0	0	0	0	0	0	0	0	0	0	0	0	0	0																																																							220											220											220											220											1											0											220					Material_Students	Material_Students							0																																												0																																	220											220											220											220											1											0											220											220											220											220											220											1											0											220					0		0			0																				0																																																
Recording067	ProVisioNET_study_111_03	Female	Novice	snapshopt_material_students	12	snapshopt_material_students	200	1069444	0	0	0	0	0	0	0	0	0	0	0	0	0	0	0	0	0	0	0	0	0	0	0	0	0	0	0	0	0	0	0	0	0	0	0	0	0	0	0	0	0	0	0	0	0	0	0	0																																																							200											200											200											200											1											0											200					Material_Students	Material_Students							0																																												0																																	200											200											200											200											1											0											200											200											200											200											200											1											0											200					0		0			0																				0																																																
Recording067	ProVisioNET_study_111_03	Female	Novice	snapshopt_material_students	13	snapshopt_material_students	3238	1243840	0	0	0	0	0	0	0	0	0	0	0	0	0	0	0	0	0	0	0	0	0	0	0	0	0	0	0	0	0	0	0	0	0	0	0	1	0	0	0	0	0	0	0	0	0	0	0	0																																				999																			1299											650											460											839											2											0											839					Material_Students	Material_Students							0																																												0																																	3238											3238											3238											3238											1											0											3238											3238											3238											3238											3238											1											0											3238					0		0			0																				2																																																
Recording067	ProVisioNET_study_111_03	Female	Novice	snapshopt_material_students	14	snapshopt_material_students	360	1546079	0	0	0	0	0	0	0	0	0	0	0	0	0	0	0	0	0	0	0	0	0	0	0	0	0	0	0	0	0	0	0	0	0	0	0	0	0	0	0	0	0	0	0	0	0	0	0	0																																																							360											360											360											360											1											0											360					Material_Students	Material_Students							0																																												0																																	360											360											360											360											1											0											360											360											360											360											360											1											0											360					0		0			0																				0																																																
Recording067	ProVisioNET_study_111_03	Female	Novice	snapshot_classroom_others	1	snapshot_classroom_others	3418	493024	0	0	0	0	0	0	0	0	0	0	0	0	0	0	0	0	0	0	0	0	0	0	0	0	0	0	0	0	0	0	0	0	0	0	0	0	0	0	0	0	0	0	0	0	0	0	0	0																																																					520											104											80											140											5											0											140							Classroom_Others	Classroom_Others					0																																												0																																	3418											3418											3418											3418											1											0											3418											3418											3418											3418											3418											1											0											3418							0		0			0																		2																																																		
Recording067	ProVisioNET_study_111_03	Female	Novice	snapshot_classroom_others	2	snapshot_classroom_others	21567	503358	0	1	0	0	0	0	0	0	0	0	0	0	0	0	0	0	0	0	0	0	0	0	0	0	0	0	0	0	0	0	0	0	0	0	0	0	0	0	0	0	0	0	0	0	0	0	0	0		4695																																																			2598											236											100											520											11											0											100							Classroom_Others	Classroom_Others					0																																												0																																	21567											21567											21567											21567											1											0											21567											21567											21567											21567											21567											1											0											21567							0		0			0																		15																																																		
Recording067	ProVisioNET_study_111_03	Female	Novice	snapshot_classroom_others	3	snapshot_classroom_others	21308	538557	0	0	0	0	0	0	0	0	0	0	0	0	0	0	0	0	0	0	0	0	0	0	0	0	0	0	0	0	0	0	0	0	0	0	0	0	0	0	0	0	0	0	0	0	0	0	0	0																																																					2179											198											80											440											11											0											240							Classroom_Others	Classroom_Others					0																																												0																																	21308											21308											21308											21308											1											0											21308											21308											21308											21308											21308											1											0											21308							0		0			0																		16																																																		
Recording067	ProVisioNET_study_111_03	Female	Novice	snapshot_classroom_others	4	snapshot_classroom_others	200	565042	0	0	0	0	0	0	0	0	0	0	0	0	0	0	0	0	0	0	0	0	0	0	0	0	0	0	0	0	0	0	0	0	0	0	0	0	0	0	0	0	0	0	0	0	0	0	0	0																																																					200											200											200											200											1											0											200							Classroom_Others	Classroom_Others					0																																												0																																	200											200											200											200											1											0											200											200											200											200											200											1											0											200							0		0			0																		0																																																		
Recording067	ProVisioNET_study_111_03	Female	Novice	snapshot_classroom_others	5	snapshot_classroom_others	14571	575096	0	0	0	0	0	0	0	0	0	0	0	0	0	0	0	0	0	0	0	0	0	0	0	0	0	0	0	0	0	0	0	0	0	0	0	0	0	0	0	0	0	0	0	0	0	0	0	0																																																					3958											396											100											1599											10											0											100							Classroom_Others	Classroom_Others					0																																												0																																	14571											14571											14571											14571											1											0											14571											14571											14571											14571											14571											1											0											14571							0		0			0																		9																																																		
Recording067	ProVisioNET_study_111_03	Female	Novice	snapshot_classroom_others	6	snapshot_classroom_others	4977	597523	0	0	0	0	0	0	0	0	0	0	0	0	0	0	0	0	0	0	0	0	0	0	0	0	0	0	0	0	0	0	0	0	0	0	0	0	0	0	0	0	0	0	0	0	0	0	0	0																																																					680											170											100											240											4											40											100							Classroom_Others	Classroom_Others					0																																												0																																	4977											4977											4977											4977											1											0											4977											4977											4977											4977											4977											1											0											4977							0		0			0																		2																																																		
Recording067	ProVisioNET_study_111_03	Female	Novice	snapshot_classroom_others	7	snapshot_classroom_others	1719	610695	0	0	0	0	0	0	0	0	0	0	0	0	0	0	0	0	0	0	0	0	0	0	0	0	0	0	0	0	0	0	0	0	0	0	0	0	0	0	0	0	0	0	0	0	0	0	0	0																																																					540											270											180											360											2											0											360							Classroom_Others	Classroom_Others					0																																												0																																	1719											1719											1719											1719											1											0											1719											1719											1719											1719											1719											1											0											1719							0		0			0																		2																																																		
Recording067	ProVisioNET_study_111_03	Female	Novice	snapshot_classroom_others	8	snapshot_classroom_others	2479	619730	0	0	0	0	0	0	0	0	0	0	0	0	0	0	0	0	0	0	0	0	0	0	0	0	0	0	0	0	0	0	0	0	0	0	0	0	0	0	0	0	0	0	0	0	0	0	0	0																																																					300											150											100											200											2											0											100							Classroom_Others	Classroom_Others					0																																												0																																	2479											2479											2479											2479											1											0											2479											2479											2479											2479											2479											1											0											2479							0		0			0																		2																																																		
Recording067	ProVisioNET_study_111_03	Female	Novice	snapshot_classroom_others	9	snapshot_classroom_others	180	632662	0	0	0	0	0	0	0	0	0	0	0	0	0	0	0	0	0	0	0	0	0	0	0	0	0	0	0	0	0	0	0	0	0	0	0	0	0	0	0	0	0	0	0	0	0	0	0	0																																																					180											180											180											180											1											0											180							Classroom_Others	Classroom_Others					0																																												0																																	180											180											180											180											1											0											180											180											180											180											180											1											0											180							0		0			0																		0																																																		
Recording067	ProVisioNET_study_111_03	Female	Novice	snapshot_classroom_others	10	snapshot_classroom_others	600	639818	0	0	0	0	0	0	0	0	0	0	0	0	0	0	0	0	0	0	0	0	0	0	0	0	0	0	0	0	0	0	0	0	0	0	0	0	0	0	0	0	0	0	0	0	0	0	0	0																																																					540											270											240											300											2											40											240							Classroom_Others	Classroom_Others					0																																												0																																	600											600											600											600											1											0											600											600											600											600											600											1											0											600							0		0			0																		1																																																		
Recording067	ProVisioNET_study_111_03	Female	Novice	snapshot_classroom_others	11	snapshot_classroom_others	780	647194	0	0	0	0	0	0	0	0	0	0	0	0	0	0	0	0	0	0	0	0	0	0	0	0	0	0	0	0	0	0	0	0	0	0	0	0	0	0	0	0	0	0	0	0	0	0	0	0																																																					460											153											80											220											3											0											80							Classroom_Others	Classroom_Others					0																																												0																																	780											780											780											780											1											0											780											780											780											780											780											1											0											780							0		0			0																		1																																																		
Recording067	ProVisioNET_study_111_03	Female	Novice	snapshot_classroom_others	12	snapshot_classroom_others	700	655449	0	0	0	0	0	0	0	0	0	0	0	0	0	0	0	0	0	0	0	0	0	0	0	0	0	0	0	0	0	0	0	0	0	0	0	0	0	0	0	0	0	0	0	0	0	0	0	0																																																					700											700											700											700											1											0											700							Classroom_Others	Classroom_Others					0																																												0																																	700											700											700											700											1											0											700											700											700											700											700											1											0											700							0		0			0																		0																																																		
Recording067	ProVisioNET_study_111_03	Female	Novice	snapshot_classroom_others	13	snapshot_classroom_others	5956	678775	0	0	0	0	0	0	0	0	0	0	0	0	0	0	0	0	0	0	0	0	0	0	0	0	0	0	0	0	0	0	0	0	0	0	0	0	0	0	0	0	0	0	0	0	0	0	0	0																																																					819											205											120											260											4											40											120							Classroom_Others	Classroom_Others					0																																												0																																	5956											5956											5956											5956											1											0											5956											5956											5956											5956											5956											1											0											5956							0		0			0																		1																																																		
Recording067	ProVisioNET_study_111_03	Female	Novice	snapshot_classroom_others	14	snapshot_classroom_others	17370	718772	0	0	0	0	0	0	0	0	0	0	0	0	0	0	0	0	0	0	0	0	0	0	0	0	0	0	0	0	0	0	0	0	0	0	0	0	0	0	0	0	0	0	1	0	0	0	0	0																																											5351										4797											343											80											1239											14											0											1239							Classroom_Others	Classroom_Others					0																																												0																																	17370											17370											17370											17370											1											0											17370											17370											17370											17370											17370											1											0											17370							0		0			0																		23																																																		
Recording067	ProVisioNET_study_111_03	Female	Novice	snapshot_classroom_others	15	snapshot_classroom_others	200	784053	0	0	0	0	0	0	0	0	0	0	0	0	0	0	0	0	0	0	0	0	0	0	0	0	0	0	0	0	0	0	0	0	0	0	0	0	0	0	0	0	0	0	0	0	0	0	0	0																																																					200											200											200											200											1											0											200							Classroom_Others	Classroom_Others					0																																												0																																	200											200											200											200											1											0											200											200											200											200											200											1											0											200							0		0			0																		0																																																		
Recording067	ProVisioNET_study_111_03	Female	Novice	snapshot_classroom_others	16	snapshot_classroom_others	120	790569	0	0	0	0	0	0	0	0	0	0	0	0	0	0	0	0	0	0	0	0	0	0	0	0	0	0	0	0	0	0	0	0	0	0	0	0	0	0	0	0	0	0	0	0	0	0	0	0																																																					120											120											120											120											1											0											120							Classroom_Others	Classroom_Others					0																																												0																																	120											120											120											120											1											0											120											120											120											120											120											1											0											120							0		0			0																		0																																																		
Recording067	ProVisioNET_study_111_03	Female	Novice	snapshot_classroom_others	17	snapshot_classroom_others	8275	796706	0	0	0	0	0	0	0	0	0	0	0	0	0	0	0	0	0	0	0	0	0	0	0	0	0	0	0	0	0	0	0	0	0	0	0	0	0	0	0	0	0	0	0	0	0	0	0	0																																																					2578											258											100											640											10											0											200							Classroom_Others						0																																												0																																	8275											8275											8275											8275											1											0											8275											8275											8275											8275											8275											1											0											8275							0		0			0																		8																																																		
Recording067	ProVisioNET_study_111_03	Female	Novice	snapshot_classroom_others	18	snapshot_classroom_others	340	815655	0	0	0	0	0	0	0	0	0	0	0	0	0	0	0	0	0	0	0	0	0	0	0	0	0	0	0	0	0	0	0	0	0	0	0	0	0	0	0	0	0	0	0	0	0	0	0	0																																																					340											340											340											340											1											0											340							Classroom_Others	Classroom_Others					0																																												0																																	340											340											340											340											1											0											340											340											340											340											340											1											0											340							0		0			0																		0																																																		
Recording067	ProVisioNET_study_111_03	Female	Novice	snapshot_classroom_others	19	snapshot_classroom_others	4158	823870	0	0	0	0	0	0	0	0	0	0	0	0	0	0	0	0	0	0	0	0	0	0	0	0	0	0	0	0	0	0	0	0	0	0	0	0	0	0	0	0	0	0	0	0	0	0	0	0																																																					380											190											180											200											2											0											200							Classroom_Others	Classroom_Others					0																																												0																																	4158											4158											4158											4158											1											0											4158											4158											4158											4158											4158											1											0											4158							0		0			0																		3																																																		
Recording067	ProVisioNET_study_111_03	Female	Novice	snapshot_classroom_others	20	snapshot_classroom_others	260	842239	0	0	0	0	0	0	0	0	0	0	0	0	0	0	0	0	0	0	0	0	0	0	0	0	0	0	0	0	0	0	0	0	0	0	0	0	0	0	0	0	0	0	0	0	0	0	0	0																																																					220											220											220											220											1											40											220							Classroom_Others	Classroom_Others					0																																												0																																	260											260											260											260											1											0											260											260											260											260											260											1											0											260							0		0			0																		0																																																		
Recording067	ProVisioNET_study_111_03	Female	Novice	snapshot_classroom_others	21	snapshot_classroom_others	25825	864626	0	0	0	0	0	0	0	0	0	0	0	0	0	0	0	0	0	0	0	0	0	0	0	1	1	0	0	0	0	0	0	0	0	0	0	0	0	0	1	0	0	0	0	0	0	0	0	0																								14369	10084														17071														2379											183											80											440											13											0											80							Classroom_Others						0																																												0																																	25825											25825											25825											25825											1											0											25825											25825											25825											25825											25825											1											0											25825							0		0			0																		19																																																		
Recording067	ProVisioNET_study_111_03	Female	Novice	snapshot_classroom_others	22	snapshot_classroom_others	3758	919953	0	0	0	0	0	0	0	0	0	0	0	0	0	0	0	0	0	0	0	0	0	0	0	0	0	0	0	0	0	0	0	0	0	0	0	0	0	0	0	0	0	0	0	0	0	0	0	0																																																					1059											353											320											380											3											0											360							Classroom_Others	Classroom_Others					0																																												0																																	3758											3758											3758											3758											1											0											3758											3758											3758											3758											3758											1											0											3758							0		0			0																		2																																																		
Recording067	ProVisioNET_study_111_03	Female	Novice	snapshot_classroom_others	23	snapshot_classroom_others	120	962468	0	0	0	0	0	0	0	0	0	0	0	0	0	0	0	0	0	0	0	0	0	0	0	0	0	0	0	0	0	0	0	0	0	0	0	0	0	0	0	0	0	0	0	0	0	0	0	0																																																					120											120											120											120											1											0											120							Classroom_Others	Classroom_Others					0																																												0																																	120											120											120											120											1											0											120											120											120											120											120											1											0											120							0		0			0																		0																																																		
Recording067	ProVisioNET_study_111_03	Female	Novice	snapshot_classroom_others	24	snapshot_classroom_others	80	972182	0	0	0	0	0	0	0	0	0	0	0	0	0	0	0	0	0	0	0	0	0	0	0	0	0	0	0	0	0	0	0	0	0	0	0	0	0	0	0	0	0	0	0	0	0	0	0	0																																																					80											80											80											80											1											0											80							Classroom_Others	Classroom_Others					0																																												0																																	80											80											80											80											1											0											80											80											80											80											80											1											0											80							0		0			0																		0																																																		
Recording067	ProVisioNET_study_111_03	Female	Novice	snapshot_classroom_others	25	snapshot_classroom_others	80	980897	0	0	0	0	0	0	0	0	0	0	0	0	0	0	0	0	0	0	0	0	0	0	0	0	0	0	0	0	0	0	0	0	0	0	0	0	0	0	0	0	0	0	0	0	0	0	0	0																																																					80											80											80											80											1											0											80							Classroom_Others	Classroom_Others					0																																												0																																	80											80											80											80											1											0											80											80											80											80											80											1											0											80							0		0			0																		0																																																		
Recording067	ProVisioNET_study_111_03	Female	Novice	snapshot_classroom_others	26	snapshot_classroom_others	7256	996228	0	0	0	0	0	0	0	0	0	0	0	0	0	0	0	0	0	0	0	0	0	0	0	0	0	0	0	0	0	0	0	0	0	0	0	0	0	0	0	0	0	0	0	0	0	0	0	0																																																					640											160											80											300											4											0											120							Classroom_Others	Classroom_Others					0																																												0																																	7256											7256											7256											7256											1											0											7256											7256											7256											7256											7256											1											0											7256							0		0			0																		4																																																		
Recording067	ProVisioNET_study_111_03	Female	Novice	snapshot_classroom_others	27	snapshot_classroom_others	360	1015636	0	0	0	0	0	0	0	0	0	0	0	0	0	0	0	0	0	0	0	0	0	0	0	0	0	0	0	0	0	0	0	0	0	0	0	0	0	0	0	0	0	0	0	0	0	0	0	0																																																					360											360											360											360											1											0											360							Classroom_Others	Classroom_Others					0																																												0																																	360											360											360											360											1											0											360											360											360											360											360											1											0											360							0		0			0																		0																																																		
Recording067	ProVisioNET_study_111_03	Female	Novice	snapshot_classroom_others	28	snapshot_classroom_others	260	1022792	0	0	0	0	0	0	0	0	0	0	0	0	0	0	0	0	0	0	0	0	0	0	0	0	0	0	0	0	0	0	0	0	0	0	0	0	0	0	0	0	0	0	0	0	0	0	0	0																																																					260											260											260											260											1											0											260							Classroom_Others	Classroom_Others					0																																												0																																	260											260											260											260											1											0											260											260											260											260											260											1											0											260							0		0			0																		0																																																		
Recording067	ProVisioNET_study_111_03	Female	Novice	snapshot_classroom_others	29	snapshot_classroom_others	4517	1031707	0	0	0	0	0	0	0	0	0	0	0	0	0	0	0	0	0	0	0	0	0	0	0	0	0	0	0	0	0	0	0	0	0	0	0	0	0	0	0	0	0	0	0	0	0	0	0	0																																																					500											167											120											200											3											160											120							Classroom_Others	Classroom_Others					0																																												0																																	4517											4517											4517											4517											1											0											4517											4517											4517											4517											4517											1											0											4517							0		0			0																		4																																																		
Recording067	ProVisioNET_study_111_03	Female	Novice	snapshot_classroom_others	30	snapshot_classroom_others	3838	1042001	0	0	0	0	0	0	0	0	0	0	0	0	0	0	0	0	0	0	0	0	0	0	0	0	0	0	0	0	0	0	0	0	0	0	0	0	0	0	0	0	0	0	0	0	0	0	0	0																																																					460											115											80											180											4											0											100							Classroom_Others						0																																												0																																	3838											3838											3838											3838											1											0											3838											3838											3838											3838											3838											1											0											3838							0		0			0																		2																																																		
Recording067	ProVisioNET_study_111_03	Female	Novice	snapshot_classroom_others	31	snapshot_classroom_others	200	1050995	0	0	0	0	0	0	0	0	0	0	0	0	0	0	0	0	0	0	0	0	0	0	0	0	0	0	0	0	0	0	0	0	0	0	0	0	0	0	0	0	0	0	0	0	0	0	0	0																																																					200											200											200											200											1											0											200							Classroom_Others	Classroom_Others					0																																												0																																	200											200											200											200											1											0											200											200											200											200											200											1											0											200							0		0			0																		0																																																		
Recording067	ProVisioNET_study_111_03	Female	Novice	snapshot_classroom_others	32	snapshot_classroom_others	280	1069104	0	0	0	0	0	0	0	0	0	0	0	0	0	0	0	0	0	0	0	0	0	0	0	0	0	0	0	0	0	0	0	0	0	0	0	0	0	0	0	0	0	0	0	0	0	0	0	0																																																					280											280											280											280											1											0											280							Classroom_Others	Classroom_Others					0																																												0																																	280											280											280											280											1											0											280											280											280											280											280											1											0											280							0		0			0																		0																																																		
Recording067	ProVisioNET_study_111_03	Female	Novice	snapshot_classroom_others	33	snapshot_classroom_others	540	1088133	0	0	0	0	0	0	0	0	0	0	0	0	0	0	0	0	0	0	0	0	0	0	0	0	0	0	0	0	0	0	0	0	0	0	0	0	0	0	0	0	0	0	0	0	0	0	0	0																																																					540											540											540											540											1											0											540							Classroom_Others	Classroom_Others					0																																												0																																	540											540											540											540											1											0											540											540											540											540											540											1											0											540							0		0			0																		0																																																		
Recording067	ProVisioNET_study_111_03	Female	Novice	snapshot_classroom_others	34	snapshot_classroom_others	9954	1097088	0	0	0	0	0	0	0	0	0	0	0	0	0	0	0	0	0	0	0	0	0	0	0	0	0	0	0	0	0	0	0	0	0	0	0	0	0	0	0	0	0	0	0	0	0	0	0	0																																																					700											175											80											320											4											0											320							Classroom_Others	Classroom_Others					0																																												0																																	9954											9954											9954											9954											1											0											9954											9954											9954											9954											9954											1											0											9954							0		0			0																		9																																																		
Recording067	ProVisioNET_study_111_03	Female	Novice	snapshot_classroom_others	35	snapshot_classroom_others	460	1137664	0	0	0	0	0	0	0	0	0	0	0	0	0	0	0	0	0	0	0	0	0	0	0	0	0	0	0	0	0	0	0	0	0	0	0	0	0	0	0	0	0	0	0	0	0	0	0	0																																																					460											460											460											460											1											0											460							Classroom_Others	Classroom_Others					0																																												0																																	460											460											460											460											1											0											460											460											460											460											460											1											0											460							0		0			0																		0																																																		
Recording067	ProVisioNET_study_111_03	Female	Novice	snapshot_classroom_others	36	snapshot_classroom_others	23726	1144400	0	0	0	0	0	0	0	0	0	0	0	1	1	0	0	0	0	0	0	0	0	0	0	0	0	0	0	0	0	0	0	0	0	0	1	0	0	0	0	0	0	0	0	0	0	0	0	0												16165	562																						12898																		3018											216											80											1019											14											0											160							Classroom_Others	Classroom_Others					0																																												0																																	23726											23726											23726											23726											1											0											23726											23726											23726											23726											23726											1											0											23726							0		0			0																		19																																																		
Recording067	ProVisioNET_study_111_03	Female	Novice	snapshot_classroom_others	37	snapshot_classroom_others	1499	1173642	0	0	0	0	0	0	0	0	0	0	1	0	0	0	0	0	0	0	0	0	0	0	0	0	0	0	0	0	0	0	0	0	0	0	0	0	0	0	0	0	0	0	0	0	0	0	0	0											1320																																										1499											1499											1499											1499											1											0											1499							Classroom_Others	Classroom_Others					0																																												0																																	1499											1499											1499											1499											1											0											1499											1499											1499											1499											1499											1											0											1499							0		0			0																		0																																																		
Recording067	ProVisioNET_study_111_03	Female	Novice	snapshot_classroom_others	38	snapshot_classroom_others	340	1189972	0	0	0	0	0	0	0	0	0	0	0	0	0	0	0	0	0	0	0	0	0	0	0	0	0	0	0	0	0	0	0	0	0	0	0	0	0	0	0	0	0	0	0	0	0	0	0	0																																																					340											340											340											340											1											0											340							Classroom_Others	Classroom_Others					0																																												0																																	340											340											340											340											1											0											340											340											340											340											340											1											0											340							0		0			0																		0																																																		
Recording067	ProVisioNET_study_111_03	Female	Novice	snapshot_classroom_others	39	snapshot_classroom_others	200	1206383	0	0	0	0	0	0	0	0	0	0	0	0	0	0	0	0	0	0	0	0	0	0	0	0	0	0	0	0	0	0	0	0	0	0	0	0	0	0	0	0	0	0	0	0	0	0	0	0																																																					200											200											200											200											1											0											200							Classroom_Others	Classroom_Others					0																																												0																																	200											200											200											200											1											0											200											200											200											200											200											1											0											200							0		0			0																		0																																																		
Recording067	ProVisioNET_study_111_03	Female	Novice	snapshot_classroom_others	40	snapshot_classroom_others	260	1215677	0	0	0	0	0	0	0	0	0	0	0	0	0	0	0	0	0	0	0	0	0	0	0	0	0	0	0	0	0	0	0	0	0	0	0	0	0	0	0	0	0	0	0	0	0	0	0	0																																																					260											260											260											260											1											0											260							Classroom_Others	Classroom_Others					0																																												0																																	260											260											260											260											1											0											260											260											260											260											260											1											0											260							0		0			0																		0																																																		
Recording067	ProVisioNET_study_111_03	Female	Novice	snapshot_classroom_others	41	snapshot_classroom_others	260	1222293	0	0	0	0	0	0	0	0	0	0	0	0	0	0	0	0	0	0	0	0	0	0	0	0	0	0	0	0	0	0	0	0	0	0	0	0	0	0	0	0	0	0	0	0	0	0	0	0																																																					260											260											260											260											1											0											260							Classroom_Others	Classroom_Others					0																																												0																																	260											260											260											260											1											0											260											260											260											260											260											1											0											260							0		0			0																		0																																																		
Recording067	ProVisioNET_study_111_03	Female	Novice	snapshot_classroom_others	42	snapshot_classroom_others	100	1227650	0	0	0	0	0	0	0	0	0	0	0	0	0	0	0	0	0	0	0	0	0	0	0	0	0	0	0	0	0	0	0	0	0	0	0	0	0	0	0	0	0	0	0	0	0	0	0	0																																																					100											100											100											100											1											0											100							Classroom_Others	Classroom_Others					0																																												0																																	100											100											100											100											1											0											100											100											100											100											100											1											0											100							0		0			0																		0																																																		
Recording067	ProVisioNET_study_111_03	Female	Novice	snapshot_classroom_others	43	snapshot_classroom_others	3138	1263629	0	0	0	0	0	0	0	0	0	0	0	0	0	1	0	0	0	0	0	0	0	0	0	0	0	0	0	0	0	0	0	0	0	0	0	0	0	0	0	0	0	0	0	0	0	0	0	0														789																																							400											100											80											140											4											0											140							Classroom_Others	Classroom_Others					0																																												0																																	3138											3138											3138											3138											1											0											3138											3138											3138											3138											3138											1											0											3138							0		0			0																		2																																																		
Recording067	ProVisioNET_study_111_03	Female	Novice	snapshot_classroom_others	44	snapshot_classroom_others	4058	1272803	0	0	0	0	0	0	0	0	0	0	0	0	0	0	0	0	0	0	0	0	0	0	0	0	0	0	0	0	0	0	0	0	0	0	0	0	0	0	0	0	0	0	0	0	0	0	0	0																																																					640											160											80											360											4											0											80							Classroom_Others	Classroom_Others					0																																												0																																	4058											4058											4058											4058											1											0											4058											4058											4058											4058											4058											1											0											4058							0		0			0																		4																																																		
Recording067	ProVisioNET_study_111_03	Female	Novice	snapshot_classroom_others	45	snapshot_classroom_others	5517	1283736	0	0	0	0	0	0	0	0	0	0	0	0	0	0	0	0	0	0	0	0	0	0	0	0	0	0	0	0	0	0	0	0	0	0	0	0	0	0	0	0	0	0	0	0	0	0	0	0																																																					1719											215											80											680											8											0											300							Classroom_Others	Classroom_Others					0																																												0																																	5517											5517											5517											5517											1											0											5517											5517											5517											5517											5517											1											0											5517							0		0			0																		7																																																		
Recording067	ProVisioNET_study_111_03	Female	Novice	snapshot_classroom_others	46	snapshot_classroom_others	120	1308062	0	0	0	0	0	0	0	0	0	0	0	0	0	0	0	0	0	0	0	0	0	0	0	0	0	0	0	0	0	0	0	0	0	0	0	0	0	0	0	0	0	0	0	0	0	0	0	0																																																					120											120											120											120											1											0											120							Classroom_Others	Classroom_Others					0																																												0																																	120											120											120											120											1											0											120											120											120											120											120											1											0											120							0		0			0																		0																																																		
Recording067	ProVisioNET_study_111_03	Female	Novice	snapshot_classroom_others	47	snapshot_classroom_others	8255	1324292	0	0	0	0	0	0	0	0	0	0	0	0	0	0	0	0	0	0	0	0	0	0	0	0	0	0	0	0	0	0	0	0	1	0	0	0	0	0	0	0	0	0	0	0	0	0	0	0																																	1183																				1819											182											80											480											10											0											100							Classroom_Others	Classroom_Others					0																																												0																																	8255											8255											8255											8255											1											0											8255											8255											8255											8255											8255											1											0											8255							0		0			0																		9																																																		
Recording067	ProVisioNET_study_111_03	Female	Novice	snapshot_classroom_others	48	snapshot_classroom_others	480	1343101	0	0	0	0	0	0	0	0	0	0	0	0	0	0	0	0	0	0	0	0	0	0	0	0	0	0	0	0	0	0	0	0	0	0	0	0	0	0	0	0	0	0	0	0	0	0	0	0																																																					480											480											480											480											1											0											480							Classroom_Others	Classroom_Others					0																																												0																																	480											480											480											480											1											0											480											480											480											480											480											1											0											480							0		0			0																		0																																																		
Recording067	ProVisioNET_study_111_03	Female	Novice	snapshot_classroom_others	49	snapshot_classroom_others	760	1351496	0	0	0	0	0	0	0	0	0	0	0	0	0	0	0	0	0	0	0	0	0	0	0	0	0	0	0	0	0	0	0	0	0	0	0	0	0	0	0	0	0	0	0	0	0	0	0	0																																																					320											160											160											160											2											0											160							Classroom_Others	Classroom_Others					0																																												0																																	760											760											760											760											1											0											760											760											760											760											760											1											0											760							0		0			0																		0																																																		
Recording067	ProVisioNET_study_111_03	Female	Novice	snapshot_classroom_others	50	snapshot_classroom_others	140	1365967	0	0	0	0	0	0	0	0	0	0	0	0	0	0	0	0	0	0	0	0	0	0	0	0	0	0	0	0	0	0	0	0	0	0	0	0	0	0	0	0	0	0	0	0	0	0	0	0																																																					140											140											140											140											1											0											140							Classroom_Others	Classroom_Others					0																																												0																																	140											140											140											140											1											0											140											140											140											140											140											1											0											140							0		0			0																		0																																																		
Recording067	ProVisioNET_study_111_03	Female	Novice	snapshot_classroom_others	51	snapshot_classroom_others	120	1371904	0	0	0	0	0	0	0	0	0	0	0	0	0	0	0	0	0	0	0	0	0	0	0	0	0	0	0	0	0	0	0	0	0	0	0	0	0	0	0	0	0	0	0	0	0	0	0	0																																																					120											120											120											120											1											0											120							Classroom_Others	Classroom_Others					0																																												0																																	120											120											120											120											1											0											120											120											120											120											120											1											0											120							0		0			0																		0																																																		
Recording067	ProVisioNET_study_111_03	Female	Novice	snapshot_classroom_others	52	snapshot_classroom_others	2698	1380639	0	0	0	0	0	0	0	0	0	0	0	0	0	0	0	0	0	0	0	0	0	0	0	0	0	0	0	0	0	0	0	0	0	0	0	0	0	0	0	0	0	0	0	0	0	0	0	0																																																					1219											406											80											979											3											0											979							Classroom_Others	Classroom_Others					0																																												0																																	2698											2698											2698											2698											1											0											2698											2698											2698											2698											2698											1											0											2698							0		0			0																		1																																																		
Recording067	ProVisioNET_study_111_03	Female	Novice	snapshot_classroom_others	53	snapshot_classroom_others	1199	1394490	0	0	0	0	0	0	0	0	0	0	0	0	0	0	0	0	0	0	0	0	0	0	0	0	0	0	0	0	0	0	0	0	0	0	0	0	0	0	0	0	0	0	0	0	0	0	0	0																																																					1199											1199											1199											1199											1											0											1199							Classroom_Others	Classroom_Others					0																																												0																																	1199											1199											1199											1199											1											0											1199											1199											1199											1199											1199											1											0											1199							0		0			0																		0																																																		
Recording067	ProVisioNET_study_111_03	Female	Novice	snapshot_classroom_others	54	snapshot_classroom_others	1159	1404744	0	0	0	0	0	0	0	0	0	0	0	0	0	0	0	0	0	0	0	0	0	0	0	0	0	0	0	0	0	0	0	0	0	0	0	0	0	0	0	0	0	0	0	0	0	0	0	0																																																					340											170											80											260											2											0											80							Classroom_Others	Classroom_Others					0																																												0																																	1159											1159											1159											1159											1											0											1159											1159											1159											1159											1159											1											0											1159							0		0			0																		1																																																		
Recording067	ProVisioNET_study_111_03	Female	Novice	snapshot_classroom_others	55	snapshot_classroom_others	160	1425172	0	0	0	0	0	0	0	0	0	0	0	0	0	0	0	0	0	0	0	0	0	0	0	0	0	0	0	0	0	0	0	0	0	0	0	0	0	0	0	0	0	0	0	0	0	0	0	0																																																					160											160											160											160											1											0											160							Classroom_Others	Classroom_Others					0																																												0																																	160											160											160											160											1											0											160											160											160											160											160											1											0											160							0		0			0																		0																																																		
Recording067	ProVisioNET_study_111_03	Female	Novice	snapshot_classroom_others	56	snapshot_classroom_others	1739	1430349	0	0	0	0	0	0	0	0	0	0	0	0	0	0	0	0	0	0	0	0	0	0	0	0	0	0	0	0	0	0	0	0	0	0	0	0	0	0	0	0	0	0	0	0	0	0	0	0																																																					260											130											100											160											2											0											160							Classroom_Others	Classroom_Others					0																																												0																																	1739											1739											1739											1739											1											0											1739											1739											1739											1739											1739											1											0											1739							0		0			0																		4																																																		
Recording067	ProVisioNET_study_111_03	Female	Novice	snapshot_classroom_others	57	snapshot_classroom_others	1619	1437285	0	0	0	0	0	0	0	0	0	0	0	0	0	0	0	0	0	0	0	0	0	0	0	0	0	0	0	0	0	0	0	0	0	0	0	0	0	0	0	0	0	0	0	0	0	0	0	0																																																					320											160											160											160											2											0											160							Classroom_Others	Classroom_Others					0																																												0																																	1619											1619											1619											1619											1											0											1619											1619											1619											1619											1619											1											0											1619							0		0			0																		0																																																		
Recording067	ProVisioNET_study_111_03	Female	Novice	snapshot_classroom_others	58	snapshot_classroom_others	7436	1444240	0	0	0	0	0	0	0	1	0	0	0	0	0	0	0	0	0	0	0	0	0	0	0	0	0	0	0	0	0	0	0	0	0	0	0	0	0	0	0	0	0	0	0	0	0	0	0	0								174																																													1459											243											80											820											6											0											80							Classroom_Others	Classroom_Others					0																																												0																																	7436											7436											7436											7436											1											0											7436											7436											7436											7436											7436											1											0											7436							0		0			0																		6																																																		
Recording067	ProVisioNET_study_111_03	Female	Novice	snapshot_classroom_others	59	snapshot_classroom_others	1599	1467666	0	0	0	0	0	0	0	0	0	0	0	0	0	0	0	0	0	0	0	0	0	0	0	0	0	0	0	0	0	0	0	0	0	0	0	0	0	0	0	0	0	0	0	0	0	0	0	0																																																					300											150											120											180											2											0											180							Classroom_Others	Classroom_Others					0																																												0																																	1599											1599											1599											1599											1											0											1599											1599											1599											1599											1599											1											0											1599							0		0			0																		3																																																		
Recording067	ProVisioNET_study_111_03	Female	Novice	snapshot_classroom_others	60	snapshot_classroom_others	160	1476621	0	0	0	0	0	0	0	0	0	0	0	0	0	0	0	0	0	0	0	0	0	0	0	0	0	0	0	0	0	0	0	0	0	0	0	0	0	0	0	0	0	0	0	0	0	0	0	0																																																					160											160											160											160											1											0											160							Classroom_Others	Classroom_Others					0																																												0																																	160											160											160											160											1											0											160											160											160											160											160											1											0											160							0		0			0																		0																																																		
Recording067	ProVisioNET_study_111_03	Female	Novice	snapshot_classroom_others	61	snapshot_classroom_others	2339	1519176	0	0	0	0	0	0	0	0	0	0	0	0	0	0	0	0	0	0	0	0	0	0	0	0	0	0	0	0	0	0	0	0	0	0	0	0	0	0	0	0	0	0	0	0	0	0	0	0																																																					260											130											120											140											2											0											120							Classroom_Others	Classroom_Others					0																																												0																																	2339											2339											2339											2339											1											0											2339											2339											2339											2339											2339											1											0											2339							0		0			0																		1																																																		
Recording067	ProVisioNET_study_111_03	Female	Novice	snapshot_classroom_others	62	snapshot_classroom_others	37977	1540842	0	0	0	0	0	0	0	0	0	0	0	0	0	0	0	0	0	0	0	0	0	0	0	0	0	0	0	0	0	0	0	0	0	0	0	0	0	0	0	0	0	0	0	0	0	0	0	0																																																					11893											410											80											2818											29											0											140							Classroom_Others	Classroom_Others					0																																												0																																	37977											37977											37977											37977											1											0											37977											37977											37977											37977											37977											1											0											37977							0		0			0																		26																																																		
Recording067	ProVisioNET_study_111_03	Female	Novice	snapshot_classroom_others	63	snapshot_classroom_others	700	1584296	0	0	0	0	0	0	0	0	0	0	0	0	0	0	0	0	0	0	0	0	0	0	0	0	0	0	0	0	0	0	0	0	0	0	0	0	0	0	0	0	0	0	0	0	0	0	0	0																																																					420											210											120											300											2											0											300							Classroom_Others						0																																												0																																	700											700											700											700											1											0											700											700											700											700											700											1											0											700							0		0			0																		0																																																		
Recording067	ProVisioNET_study_111_03	Female	Novice	snapshot_classroom_others	64	snapshot_classroom_others	6296	1592132	0	0	0	0	0	0	0	0	0	0	0	0	0	0	0	0	0	0	0	0	0	0	0	0	0	0	0	0	0	0	0	0	0	0	0	0	0	0	0	0	0	0	0	0	0	0	0	0																																																					1759											160											80											520											11											0											80							Classroom_Others	Classroom_Others					0																																												0																																	6296											6296											6296											6296											1											0											6296											6296											6296											6296											6296											1											0											6296							0		0			0																		1																																																		
Recording067	ProVisioNET_study_111_03	Female	Novice	snapshot_classroom_others	65	snapshot_classroom_others	80	1604744	0	0	0	0	0	0	0	0	0	0	0	0	0	0	0	0	0	0	0	0	0	0	0	0	0	0	0	0	0	0	0	0	0	0	0	0	0	0	0	0	0	0	0	0	0	0	0	0																																																					80											80											80											80											1											0											80							Classroom_Others	Classroom_Others					0																																												0																																	80											80											80											80											1											0											80											80											80											80											80											1											0											80							0		0			0																		0																																																		
Recording067	ProVisioNET_study_111_03	Female	Novice	snapshot_disruptive_person	1	snapshot_disruptive_person	580	694986	0	0	0	0	0	0	0	0	0	0	0	0	0	0	0	0	0	0	0	0	0	0	0	0	0	0	0	0	0	0	0	0	0	0	0	0	0	0	0	0	1	0	0	0	0	0	0	0																																									13													580											580											580											580											1											0											580						Disruptive_Person	Disruptive_Person						0																																												0																																	580											580											580											580											1											0											580											580											580											580											580											1											0											580						0		0			0																			0																																																	
Recording067	ProVisioNET_study_111_03	Female	Novice	snapshot_disruptive_person	2	snapshot_disruptive_person	4158	782854	0	0	0	0	0	0	0	0	0	0	0	0	0	0	0	0	0	0	0	0	0	1	0	0	0	0	0	0	0	0	0	0	0	0	0	0	0	1	0	0	0	0	0	0	0	0	0	0																						665																2968																3398											425											80											1159											8											0											1159						Disruptive_Person	Disruptive_Person						0																																												0																																	4158											4158											4158											4158											1											0											4158											4158											4158											4158											4158											1											0											4158						0		0			0																			6																																																	
Recording067	ProVisioNET_study_111_03	Female	Novice	snapshot_disruptive_person	3	snapshot_disruptive_person	4657	875199	0	0	0	0	0	0	0	0	0	0	0	0	0	0	0	0	0	0	0	0	0	0	0	1	0	0	0	0	0	0	0	0	0	0	0	0	0	0	0	0	0	0	0	0	0	0	0	0																								3795																														3238											405											160											1039											8											0											1039						Disruptive_Person	Disruptive_Person						0																																												0																																	4657											4657											4657											4657											1											0											4657											4657											4657											4657											4657											1											0											4657						0		0			0																			5																																																	
Recording067	ProVisioNET_study_111_03	Female	Novice	snapshot_disruptive_person	4	snapshot_disruptive_person	6376	963207	0	0	0	0	0	0	0	0	0	0	0	0	0	0	0	0	0	1	1	0	0	0	0	0	0	0	0	0	0	0	0	0	0	0	0	0	1	0	0	0	0	0	0	0	0	0	0	0																		5764	1595																		4459																	5417											1354											500											2199											4											0											2019						Disruptive_Person	Disruptive_Person						0																																												0																																	6376											6376											6376											6376											1											0											6376											6376											6376											6376											6376											1											0											6376						0		0			0																			2																																																	
<<<<<<< Updated upstream
Recording067	ProVisioNET_study_111_03	Female	Novice	snapshot_disruptive_person	5	snapshot_disruptive_person	5277	1061669	0	0	0	0	0	0	0	0	0	0	0	0	0	0	0	0	0	0	0	0	0	0	0	0	0	0	0	0	0	0	0	0	0	0	0	0	0	0	0	0	0	1	0	0	0	0	1	0																																										3372					5130							3258											407											80											899											8											40											899						Disruptive_Person	Disruptive_Person						899											899											899											899											1											40											899											5277											5277											5277											5277											1											0											5277											5277											5277											5277											5277											1											0											5277						899	899	1	899	5,5588	0																			4																																																	
Recording067	ProVisioNET_study_111_03	Female	Novice	snapshot_disruptive_person	6	snapshot_disruptive_person	760	1143520	0	0	0	0	0	0	0	0	0	0	0	0	0	0	0	0	0	0	0	0	0	0	0	0	0	0	0	0	0	0	0	0	0	0	0	0	0	0	0	0	0	0	0	0	0	0	0	0																																																						760											760											760											760											1											0											760						Disruptive_Person	Disruptive_Person						0																																												0																																	760											760											760											760											1											0											760											760											760											760											760											1											0											760						0		0			0																			0																																																	
Recording067	ProVisioNET_study_111_03	Female	Novice	snapshot_disruptive_person	7	snapshot_disruptive_person	4257	1156632	0	0	0	0	0	0	0	0	0	0	0	1	0	0	0	0	0	0	0	0	0	0	0	0	0	0	0	0	0	0	0	0	0	0	1	0	0	0	0	0	0	0	0	0	0	0	0	0												3932																							665																			3098											387											140											680											8											0											680						Disruptive_Person							0																																												0																																	4257											4257											4257											4257											1											0											4257											4257											4257											4257											4257											1											0											4257						0		0			0																			5																																																	
Recording067	ProVisioNET_study_111_03	Female	Novice	snapshot_disruptive_person	8	snapshot_disruptive_person	3238	1243840	0	0	0	0	0	0	0	0	0	0	0	0	0	0	0	0	0	0	0	0	0	0	0	0	0	0	0	0	0	0	0	0	0	0	0	1	0	0	0	0	0	0	0	0	0	0	0	0																																				999																		2718											906											460											1419											3											0											839						Disruptive_Person	Disruptive_Person						0																																												0																																	3238											3238											3238											3238											1											0											3238											3238											3238											3238											3238											1											0											3238						0		0			0																			2																																																	
Recording067	ProVisioNET_study_111_03	Female	Novice	snapshot_disruptive_person	9	snapshot_disruptive_person	220	1339483	0	0	0	0	0	0	0	0	0	0	0	0	0	0	0	0	0	0	0	0	0	0	0	0	0	0	0	0	0	0	0	0	0	0	0	0	0	0	0	0	0	0	0	0	0	0	0	0																																																						220											220											220											220											1											0											220						Disruptive_Person	Disruptive_Person						0																																												0																																	220											220											220											220											1											0											220											220											220											220											220											1											0											220						0		0			0																			0																																																	
Recording067	ProVisioNET_study_111_03	Female	Novice	snapshot_disruptive_person	10	snapshot_disruptive_person	640	1414678	0	0	0	0	0	0	0	0	0	0	0	0	0	0	0	0	0	0	0	0	0	0	0	0	0	0	0	0	0	0	0	0	0	0	0	0	0	0	0	0	0	0	0	0	0	0	0	0																																																						640											640											640											640											1											0											640						Disruptive_Person	Disruptive_Person						0																																												0																																	640											640											640											640											1											0											640											640											640											640											640											1											0											640						0		0			0																			0																																																	
=======
Recording067	ProVisioNET_study_111_03	Female	Novice	snapshot_disruptive_person	5	snapshot_disruptive_person	5277	1061669	0	0	0	0	0	0	0	0	0	0	0	0	0	0	0	0	0	0	0	0	0	0	0	0	0	0	0	0	0	0	0	0	0	0	0	0	0	0	0	0	0	1	0	0	0	0	1	0																																										3372					5130							3258											407											80											899											8											40											899						Disruptive_Person	Disruptive_Person						899											899											899											899											1											40											899											5277											5277											5277											5277											1											0											5277											5277											5277											5277											5277											1											0											5277						899	899	1	899	5.5588	0																			4																																																	
Recording067	ProVisioNET_study_111_03	Female	Novice	snapshot_disruptive_person	6	snapshot_disruptive_person	760	1143520	0	0	0	0	0	0	0	0	0	0	0	0	0	0	0	0	0	0	0	0	0	0	0	0	0	0	0	0	0	0	0	0	0	0	0	0	0	0	0	0	0	0	0	0	0	0	0	0																																																						760											760											760											760											1											0											760						Disruptive_Person	Disruptive_Person						0																																												0																																	760											760											760											760											1											0											760											760											760											760											760											1											0											760						0		0			0																			0																																																	
Recording067	ProVisioNET_study_111_03	Female	Novice	snapshot_disruptive_person	7	snapshot_disruptive_person	4257	1156632	0	0	0	0	0	0	0	0	0	0	0	1	0	0	0	0	0	0	0	0	0	0	0	0	0	0	0	0	0	0	0	0	0	0	1	0	0	0	0	0	0	0	0	0	0	0	0	0												3932																							665																			3098											387											140											680											8											0											680						Disruptive_Person							0																																												0																																	4257											4257											4257											4257											1											0											4257											4257											4257											4257											4257											1											0											4257						0		0			0																			5																																																	
Recording067	ProVisioNET_study_111_03	Female	Novice	snapshot_disruptive_person	8	snapshot_disruptive_person	3238	1243840	0	0	0	0	0	0	0	0	0	0	0	0	0	0	0	0	0	0	0	0	0	0	0	0	0	0	0	0	0	0	0	0	0	0	0	1	0	0	0	0	0	0	0	0	0	0	0	0																																				999																		2718											906											460											1419											3											0											839						Disruptive_Person	Disruptive_Person						0																																												0																																	3238											3238											3238											3238											1											0											3238											3238											3238											3238											3238											1											0											3238						0		0			0																			2																																																	
Recording067	ProVisioNET_study_111_03	Female	Novice	snapshot_disruptive_person	9	snapshot_disruptive_person	640	1414678	0	0	0	0	0	0	0	0	0	0	0	0	0	0	0	0	0	0	0	0	0	0	0	0	0	0	0	0	0	0	0	0	0	0	0	0	0	0	0	0	0	0	0	0	0	0	0	0																																																						640											640											640											640											1											0											640						Disruptive_Person	Disruptive_Person						0																																												0																																	640											640											640											640											1											0											640											640											640											640											640											1											0											640						0		0			0																			0																																																	
>>>>>>> Stashed changes
Recording067	ProVisioNET_study_111_03	Female	Novice	snapshot_material_teacher	1	snapshot_material_teacher	340	509854	0	0	0	0	0	0	0	0	0	0	0	0	0	0	0	0	0	0	0	0	0	0	0	0	0	0	0	0	0	0	0	0	0	0	0	0	0	0	0	0	0	0	0	0	0	0	0	0																																																								340											340											340											340											1											0											340				Material_Teacher	Material_Teacher								0																																												0																																	340											340											340											340											1											0											340											340											340											340											340											1											0											340				0		0			0																					0																																															
Recording067	ProVisioNET_study_111_03	Female	Novice	snapshot_material_teacher	2	snapshot_material_teacher	300	515631	0	0	0	0	0	0	0	0	0	0	0	0	0	0	0	0	0	0	0	0	0	0	0	0	0	0	0	0	0	0	0	0	0	0	0	0	0	0	0	0	0	0	0	0	0	0	0	0																																																								300											300											300											300											1											0											300				Material_Teacher	Material_Teacher								0																																												0																																	300											300											300											300											1											0											300											300											300											300											300											1											0											300				0		0			0																					0																																															
Recording067	ProVisioNET_study_111_03	Female	Novice	snapshot_material_teacher	3	snapshot_material_teacher	11553	533840	0	0	0	0	0	0	0	0	0	0	0	0	0	0	0	0	0	0	0	0	0	0	0	0	0	0	0	0	0	0	0	0	0	0	0	0	0	0	0	0	0	0	0	0	0	0	0	0																																																								3638											404											100											939											9											0											180				Material_Teacher									0																																												0																																	11553											11553											11553											11553											1											0											11553											11553											11553											11553											11553											1											0											11553				0		0			0																					10																																															
Recording067	ProVisioNET_study_111_03	Female	Novice	snapshot_material_teacher	4	snapshot_material_teacher	260	560065	0	0	0	0	0	0	0	0	0	0	0	0	0	0	0	0	0	0	0	0	0	0	0	0	0	0	0	0	0	0	0	0	0	0	0	0	0	0	0	0	0	0	0	0	0	0	0	0																																																								260											260											260											260											1											0											260				Material_Teacher	Material_Teacher								0																																												0																																	260											260											260											260											1											0											260											260											260											260											260											1											0											260				0		0			0																					0																																															
Recording067	ProVisioNET_study_111_03	Female	Novice	snapshot_material_teacher	5	snapshot_material_teacher	10054	568900	0	0	0	0	0	0	0	0	0	0	0	0	0	0	0	0	0	0	0	0	0	0	0	0	0	0	0	0	0	0	0	0	0	0	0	0	0	0	0	0	0	0	0	0	0	0	0	0																																																								4757											396											160											1019											12											0											400				Material_Teacher	Material_Teacher								0																																												0																																	10054											10054											10054											10054											1											0											10054											10054											10054											10054											10054											1											0											10054				0		0			0																					7																																															
Recording067	ProVisioNET_study_111_03	Female	Novice	snapshot_material_teacher	6	snapshot_material_teacher	160	609936	0	0	0	0	0	0	0	0	0	0	0	0	0	0	0	0	0	0	0	0	0	0	0	0	0	0	0	0	0	0	0	0	0	0	0	0	0	0	0	0	0	0	0	0	0	0	0	0																																																								160											160											160											160											1											0											160				Material_Teacher	Material_Teacher								0																																												0																																	160											160											160											160											1											0											160											160											160											160											160											1											0											160				0		0			0																					0																																															
Recording067	ProVisioNET_study_111_03	Female	Novice	snapshot_material_teacher	7	snapshot_material_teacher	620	616652	0	0	0	0	0	0	0	0	0	0	0	0	0	0	0	0	0	0	0	0	0	0	0	0	0	0	0	0	0	0	0	0	0	0	0	0	0	0	0	0	0	0	0	0	0	0	0	0																																																								460											230											160											300											2											0											300				Material_Teacher	Material_Teacher								0																																												0																																	620											620											620											620											1											0											620											620											620											620											620											1											0											620				0		0			0																					0																																															
Recording067	ProVisioNET_study_111_03	Female	Novice	snapshot_material_teacher	8	snapshot_material_teacher	1159	648153	0	0	0	0	0	0	0	0	0	0	0	0	0	0	0	0	0	0	0	0	0	0	0	0	0	0	0	0	0	0	0	0	0	0	0	0	0	0	0	0	0	0	0	0	0	0	0	0																																																								1139											570											100											1039											2											0											100				Material_Teacher	Material_Teacher								0																																												0																																	1159											1159											1159											1159											1											0											1159											1159											1159											1159											1159											1											0											1159				0		0			0																					0																																															
Recording067	ProVisioNET_study_111_03	Female	Novice	snapshot_material_teacher	9	snapshot_material_teacher	27104	659047	0	0	0	0	0	0	0	0	0	0	0	0	0	0	0	0	0	0	0	0	0	0	0	0	0	0	0	0	0	0	0	0	0	0	0	0	0	0	0	0	0	0	0	0	0	0	0	0																																																								11653											555											80											2039											21											0											200				Material_Teacher	Material_Teacher								0																																												0																																	27104											27104											27104											27104											1											0											27104											27104											27104											27104											27104											1											0											27104				0		0			0																					15																																															
Recording067	ProVisioNET_study_111_03	Female	Novice	snapshot_material_teacher	10	snapshot_material_teacher	1179	702042	0	0	0	0	0	0	0	0	0	0	0	0	0	0	0	0	0	0	0	0	0	0	0	0	0	0	0	0	0	0	0	0	0	0	0	0	0	0	0	0	0	0	0	0	0	0	0	0																																																								1019											340											320											360											3											0											320				Material_Teacher									0																																												0																																	1179											1179											1179											1179											1											0											1179											1179											1179											1179											1179											1											0											1179				0		0			0																					1																																															
Recording067	ProVisioNET_study_111_03	Female	Novice	snapshot_material_teacher	11	snapshot_material_teacher	560	793628	0	0	0	0	0	0	0	0	0	0	0	0	0	0	0	0	0	0	0	0	0	0	0	0	0	0	0	0	0	0	0	0	0	0	0	0	0	0	0	0	0	0	0	0	0	0	0	0																																																								520											173											80											280											3											0											280				Material_Teacher	Material_Teacher								0																																												0																																	560											560											560											560											1											0											560											560											560											560											560											1											0											560				0		0			0																					2																																															
Recording067	ProVisioNET_study_111_03	Female	Novice	snapshot_material_teacher	12	snapshot_material_teacher	320	859229	0	0	0	0	0	0	0	0	0	0	0	0	0	0	0	0	0	0	0	0	0	0	0	0	0	0	0	0	0	0	0	0	0	0	0	0	0	0	0	0	0	0	0	0	0	0	0	0																																																								320											320											320											320											1											0											320				Material_Teacher	Material_Teacher								0																																												0																																	320											320											320											320											1											0											320											320											320											320											320											1											0											320				0		0			0																					0																																															
Recording067	ProVisioNET_study_111_03	Female	Novice	snapshot_material_teacher	13	snapshot_material_teacher	3378	871781	0	0	0	0	0	0	0	0	0	0	0	0	0	0	0	0	0	0	0	0	0	0	0	0	1	0	0	0	0	0	0	0	0	0	0	0	0	0	0	0	0	0	0	0	0	0	0	0																									2928																															2598											520											240											919											5											40											240				Material_Teacher	Material_Teacher								0																																												0																																	3378											3378											3378											3378											1											0											3378											3378											3378											3378											3378											1											0											3378				0		0			0																					3																																															
Recording067	ProVisioNET_study_111_03	Female	Novice	snapshot_material_teacher	14	snapshot_material_teacher	6156	883754	0	0	0	0	0	0	0	0	0	0	0	0	0	0	0	0	0	0	0	0	0	0	0	0	0	0	0	0	0	0	0	0	0	0	0	0	0	0	0	0	0	0	0	0	0	0	0	0																																																								979											245											80											360											4											40											360				Material_Teacher	Material_Teacher								0																																												0																																	6156											6156											6156											6156											1											0											6156											6156											6156											6156											6156											1											0											6156				0		0			0																					2																																															
Recording067	ProVisioNET_study_111_03	Female	Novice	snapshot_material_teacher	15	snapshot_material_teacher	800	896007	0	0	0	0	0	0	0	0	0	0	0	0	0	0	0	0	0	0	0	0	0	0	0	0	0	0	0	0	0	0	0	0	0	0	0	0	0	0	0	0	0	0	0	0	0	0	0	0																																																								580											193											80											280											3											0											220				Material_Teacher	Material_Teacher								0																																												0																																	800											800											800											800											1											0											800											800											800											800											800											1											0											800				0		0			0																					1																																															
Recording067	ProVisioNET_study_111_03	Female	Novice	snapshot_material_teacher	16	snapshot_material_teacher	4637	1107122	0	0	0	0	0	0	0	0	0	0	0	0	0	0	0	0	0	0	0	0	0	0	0	0	0	0	0	0	0	0	0	0	0	0	0	0	0	0	0	0	0	0	0	0	0	0	0	0																																																								3098											516											100											1659											6											0											100				Material_Teacher	Material_Teacher								0																																												0																																	4637											4637											4637											4637											1											0											4637											4637											4637											4637											4637											1											0											4637				0		0			0																					3																																															
Recording067	ProVisioNET_study_111_03	Female	Novice	snapshot_material_teacher	17	snapshot_material_teacher	1859	1119654	0	0	0	0	0	0	0	0	0	0	0	0	0	0	0	0	0	0	0	0	0	0	0	0	0	0	0	0	0	0	0	0	0	0	0	0	0	0	0	0	0	0	0	0	0	0	0	0																																																								1599											533											340											680											3											0											580				Material_Teacher	Material_Teacher								0																																												0																																	1859											1859											1859											1859											1											0											1859											1859											1859											1859											1859											1											0											1859				0		0			0																					1																																															
Recording067	ProVisioNET_study_111_03	Female	Novice	snapshot_material_teacher	18	snapshot_material_teacher	4058	1133206	0	0	0	0	0	0	0	0	0	0	0	0	0	0	0	0	0	0	0	0	0	0	0	0	0	0	0	0	0	0	0	0	0	0	0	0	0	0	0	0	0	0	0	0	0	0	0	0																																																								3618											452											120											1079											8											0											140				Material_Teacher	Material_Teacher								0																																												0																																	4058											4058											4058											4058											1											0											4058											4058											4058											4058											4058											1											0											4058				0		0			0																					4																																															
Recording067	ProVisioNET_study_111_03	Female	Novice	snapshot_material_teacher	19	snapshot_material_teacher	380	1155853	0	0	0	0	0	0	0	0	0	0	0	0	0	0	0	0	0	0	0	0	0	0	0	0	0	0	0	0	0	0	0	0	0	0	0	0	0	0	0	0	0	0	0	0	0	0	0	0																																																								380											380											380											380											1											0											380				Material_Teacher	Material_Teacher								0																																												0																																	380											380											380											380											1											0											380											380											380											380											380											1											0											380				0		0			0																					0																																															
Recording067	ProVisioNET_study_111_03	Female	Novice	snapshot_material_teacher	20	snapshot_material_teacher	260	1163688	0	0	0	0	0	0	0	0	0	0	0	0	0	0	0	0	0	0	0	0	0	0	0	0	0	0	0	0	0	0	0	0	0	0	0	0	0	0	0	0	0	0	0	0	0	0	0	0																																																								220											110											80											140											2											0											80				Material_Teacher									0																																												0																																	260											260											260											260											1											0											260											260											260											260											260											1											0											260				0		0			0																					1																																															
Recording067	ProVisioNET_study_111_03	Female	Novice	snapshot_material_teacher	21	snapshot_material_teacher	320	1342441	0	0	0	0	0	0	0	0	0	0	0	0	0	0	0	0	0	0	0	0	0	0	0	0	0	0	0	0	0	0	0	0	0	0	0	0	0	0	0	0	0	0	0	0	0	0	0	0																																																								280											93											80											120											3											0											80				Material_Teacher	Material_Teacher								0																																												0																																	320											320											320											320											1											0											320											320											320											320											320											1											0											320				0		0			0																					2																																															
Recording067	ProVisioNET_study_111_03	Female	Novice	snapshot_material_teacher	22	snapshot_material_teacher	9414	1405224	0	0	0	0	0	0	0	0	0	1	0	0	0	0	0	0	0	0	0	0	0	0	0	0	0	0	0	0	0	0	0	0	0	0	0	0	0	0	0	0	0	0	0	0	0	0	0	0										9190																																														3198											355											80											1499											9											100											100				Material_Teacher	Material_Teacher								0																																												0																																	9414											9414											9414											9414											1											0											9414											9414											9414											9414											9414											1											0											9414				0		0			0																					7																																															
Recording067	ProVisioNET_study_111_03	Female	Novice	snapshot_material_teacher	23	snapshot_material_teacher	520	1435446	0	0	0	0	0	0	0	0	0	0	0	0	0	0	0	0	0	0	0	0	0	0	0	0	0	0	0	0	0	0	0	0	0	0	0	0	0	0	0	0	0	0	0	0	0	0	0	0																																																								500											250											240											260											2											0											240				Material_Teacher	Material_Teacher								0																																												0																																	520											520											520											520											1											0											520											520											520											520											520											1											0											520				0		0			0																					1																																															
Recording067	ProVisioNET_study_111_03	Female	Novice	snapshot_material_teacher	24	snapshot_material_teacher	89806	1453575	0	0	0	0	0	0	0	0	0	0	0	0	0	0	0	0	0	0	0	0	0	0	0	0	0	0	0	0	0	0	0	0	0	0	0	0	0	0	0	0	0	0	0	0	0	0	0	0																																																								63962											576											80											2758											111											0											1239				Material_Teacher	Material_Teacher								0																																												0																																	89806											89806											89806											89806											1											0											89806											89806											89806											89806											89806											1											0											89806				0		0			0																					106																																															
Recording067	ProVisioNET_study_111_03	Female	Novice	snapshot_material_teacher	25	snapshot_material_teacher	8195	1575082	0	0	0	0	0	0	0	0	0	0	0	0	0	0	0	0	0	0	0	0	0	0	0	0	0	0	0	0	0	0	0	0	0	0	0	0	0	0	0	0	0	0	0	0	0	0	0	0																																																								5097											425											80											1039											12											0											140				Material_Teacher	Material_Teacher								0																																												0																																	8195											8195											8195											8195											1											0											8195											8195											8195											8195											8195											1											0											8195				0		0			0																					8																																															
Recording067	ProVisioNET_study_111_03	Female	Novice	snapshot_students	1	snapshot_students	22427	508775	0	0	0	0	0	0	0	0	0	0	0	0	0	0	0	0	0	0	0	0	0	0	0	0	0	0	0	0	0	0	0	0	0	0	0	0	0	0	0	0	0	0	0	0	0	0	0	0																																																	3598	2818		5317								300	705		532								80	180		140								500	1339		3378								12	4		10								0	11893		3078								220	180		140								Carl(a)	Carl(a)	0	0		0																																									0	0		0																														9175	2958		7636								4587	2958		3818								2838	2958		400								6336	2958		7236								2	1		2								0	11893		3078								2838	2958		400								9175	2958		7636								4587	2958		3818								2838	2958		400								6336	2958		7236								2	1		2								0	11893		3078								2838	2958		400								0		0			0														9	2		2																																																			
Recording067	ProVisioNET_study_111_03	Female	Novice	snapshot_students	2	snapshot_students	160	536759	0	0	0	0	0	0	0	0	0	0	0	0	0	0	0	0	0	0	0	0	0	0	0	0	0	0	0	0	0	0	0	0	0	0	0	0	0	0	0	0	0	0	0	0	0	0	0	0																																																	0	160		0									160											160											160										0	1		0									0											160										Bianca	Bianca	0	0		0																																									0	0		0																														0	160		0									160											160											160										0	1		0									0											160										0	160		0									160											160											160										0	1		0									0											160										0		0			0														0	0		0																																																			
<<<<<<< Updated upstream
Recording067	ProVisioNET_study_111_03	Female	Novice	snapshot_students	3	snapshot_students	13612	545833	0	0	0	0	0	0	0	0	0	0	0	0	0	0	0	0	0	0	0	0	0	0	0	0	0	0	0	0	0	0	0	0	0	0	0	0	0	0	0	0	0	0	0	0	0	0	0	0																																																	1539	1099		0								257	275										160	120										360	420										6	4		0								1999	0										220	120										Bianca	Bianca	0	0		0																																									0	0		0																														6676	2519		0								3338	840										780	200										5897	1959										2	3		0								1999	0										5897	1959										6676	2519		0								3338	840										780	200										5897	1959										2	3		0								1999	0										5897	1959										0		0			0														5	0		0								1959	11813											1959										374,56	262,45											374,56									
Recording067	ProVisioNET_study_111_03	Female	Novice	snapshot_students	4	snapshot_students	3418	565282	0	0	0	0	0	0	0	0	0	0	0	0	0	0	0	0	0	0	0	0	0	0	0	0	0	0	0	0	0	0	0	0	0	0	0	0	0	0	0	0	0	0	0	0	0	0	0	0																																																	840	999		220								280	200		220								120	80		220								400	300		220								3	5		1								720	0		2499								400	220		220								Anna	Anna	0	0		0																																									0	0		0																														840	1019		220								280	255		220								120	180		220								400	320		220								3	4		1								720	0		2499								400	220		220								840	1019		220								280	255		220								120	180		220								400	320		220								3	4		1								720	0		2499								400	220		220								0		0			0														0	1		0								1659	2718		2459									1659		2718								471,74	515,29		371,96									471,74		515,29							
Recording067	ProVisioNET_study_111_03	Female	Novice	snapshot_students	5	snapshot_students	5357	575396	0	0	0	0	0	0	0	0	0	0	0	0	0	0	0	0	0	0	0	0	0	0	0	0	0	0	0	0	0	0	0	0	0	0	0	0	0	0	0	0	0	0	0	0	0	0	0	0																																																	1259	0		0								420											400											440											3	0		0								0											420											Anna	Anna	0	0		0																																									0	0		0																														5357	0		0								5357											5357											5357											1	0		0								0											5357											5357	0		0								5357											5357											5357											1	0		0								0											5357											0		0			0														2	0		0																																																			
Recording067	ProVisioNET_study_111_03	Female	Novice	snapshot_students	6	snapshot_students	72777	592066	0	0	0	0	0	0	0	0	0	0	0	0	0	0	0	0	0	0	0	0	0	0	0	0	0	0	0	0	0	0	0	0	0	0	0	0	0	0	0	0	0	0	0	0	0	0	0	0																																																	9954	10214		12633								343	567		702								80	80		80								820	2279		2678								29	18		18								0	19389		20588								240	600		340								Bianca	Bianca	0	0		0																																									0	0		0																														28803	18189		18789								7201	2598		3758								400	280		240								19329	9894		14691								4	7		5								0	19389		20588								19329	600		14691								28803	18189		18789								7201	2598		3758								400	280		240								19329	9894		14691								4	7		5								0	19389		20588								19329	600		14691								0		0			0														18	5		9								58805	19329										19329	58805		62024								449,2	383,75										383,75	449,2		455,43							
Recording067	ProVisioNET_study_111_03	Female	Novice	snapshot_students	7	snapshot_students	1959	670340	0	0	0	0	0	0	0	0	0	0	0	0	0	0	0	0	0	0	0	0	0	0	0	0	0	0	0	0	0	0	0	0	0	0	0	0	0	0	0	0	0	0	0	0	0	0	0	0																																																	0	420		360									420		120									420		80									420		180								0	1		3									0		1559									420		100								Carl(a)	Carl(a)	0	0		0																																									0	0		0																														0	420		400									420		400									420		400									420		400								0	1		1									0		1559									420		400								0	420		400									420		400									420		400									420		400								0	1		1									0		1559									420		400								0		0			0														0	0		2																																																			
Recording067	ProVisioNET_study_111_03	Female	Novice	snapshot_students	8	snapshot_students	18089	677476	0	0	0	0	0	0	0	0	0	0	0	0	0	0	0	0	0	0	0	0	0	0	0	0	0	0	0	0	0	0	0	0	0	0	0	0	0	0	0	0	1	0	0	0	1	0	0	0																																									17523				16647				2379	2658		2678								396	266		268								100	80		160								1079	500		460								6	10		10								4777	0		8995								100	80		220								Anna	Anna	0	0		0																																									0	0		0																														4537	5217		4178								1512	1043		1393								100	80		380								2718	3918		2179								3	5		3								4777	0		8995								100	3918		1619								4537	5217		4178								1512	1043		1393								100	80		380								2718	3918		2179								3	5		3								4777	0		8995								100	3918		1619								0		0			0														1	2		2									10614		11133									11133		10614									527,34		603,56									603,56		527,34							
Recording067	ProVisioNET_study_111_03	Female	Novice	snapshot_students	9	snapshot_students	35419	703361	0	0	0	0	0	0	0	0	0	0	0	0	0	0	0	0	0	0	0	0	0	0	0	0	0	0	0	0	0	0	0	0	0	0	0	0	0	0	0	0	0	0	1	0	0	0	0	0																																											20762						5537	7116		919								554	339		306								80	80		260								1759	1499		380								10	21		3								0	10374		9015								1759	100		260								Carl(a)	Carl(a)	0	0		0																																									0	0		0																														9534	20248		939								3178	6749		470								1479	1459		280								6116	10294		660								3	3		2								0	10374		9015								6116	1459		660								9534	20248		939								3178	6749		470								1479	1459		280								6116	10294		660								3	3		2								0	10374		9015								6116	1459		660								0		0			0														3	23		1								11833	24566										24566	11833										499,04	458,95										458,95	499,04									
Recording067	ProVisioNET_study_111_03	Female	Novice	snapshot_students	10	snapshot_students	1979	745576	0	0	0	0	0	0	0	0	0	0	0	0	0	0	0	0	0	0	0	0	0	0	0	0	0	0	0	0	0	0	0	0	0	0	0	0	0	0	0	0	0	0	0	0	0	0	0	0																																																	0	1219		380									1219		380									1219		380									1219		380								0	1		1									760		0									1219		380								Bianca	Bianca	0	0		0																																									0	0		0																														0	1219		380									1219		380									1219		380									1219		380								0	1		1									760		0									1219		380								0	1219		380									1219		380									1219		380									1219		380								0	1		1									760		0									1219		380								0		0			0														0	0		0																																																			
Recording067	ProVisioNET_study_111_03	Female	Novice	snapshot_students	11	snapshot_students	4837	763046	0	0	0	0	0	0	0	0	0	0	0	0	0	0	0	0	0	0	0	0	0	0	0	0	0	0	0	0	0	0	0	0	0	0	0	0	0	0	0	0	0	0	0	0	0	0	0	0																																																	180	0		360								180			360								180			360								180			360								1	0		1								4657			0								180			360								Anna	Anna	0	0		0																																									0	0		0																														180	0		360								180			360								180			360								180			360								1	0		1								4657			0								180			360								180	0		360								180			360								180			360								180			360								1	0		1								4657			0								180			360								0		0			0														0	0		0								4637																						170,78																					
Recording067	ProVisioNET_study_111_03	Female	Novice	snapshot_students	12	snapshot_students	20468	781595	0	0	0	0	0	0	0	0	0	0	0	0	0	0	0	0	0	0	0	0	1	1	0	0	0	0	0	0	0	0	0	0	0	0	0	0	0	1	0	0	0	0	0	0	0	0	0	0																					5510	1924																4227											4537	3398		1359								412	425		340								120	80		220								1739	1159		440								11	8		4								0	1259		9115								360	1159		280								Carl(a)	Carl(a)	0	0		0																																									0	0		0																														8055	4158		2439								2685	4158		813								360	4158		220								4917	4158		1939								3	1		3								0	1259		9115								360	4158		280								8055	4158		2479								2685	4158		826								360	4158		260								4917	4158		1939								3	1		3								0	1259		9115								360	4158		280								0		0			0														9	6		3											9095											15071											200,33											356,97							
Recording067	ProVisioNET_study_111_03	Female	Novice	snapshot_students	13	snapshot_students	4657	815115	0	0	0	0	0	0	0	0	0	0	0	0	0	0	0	0	0	0	0	0	0	0	0	0	0	0	0	0	0	0	0	0	0	0	0	0	0	0	0	0	0	0	0	0	0	0	0	0																																																	640	1799		859								320	360		215								300	120		160								340	680		280								2	5		4								939	0		1719								340	520		240								Bianca	Bianca	0	0		0																																									0	0		0																														640	1799		1099								320	360		550								300	120		240								340	680		859								2	5		2								939	0		1719								340	520		240								640	1799		1099								320	360		550								300	120		240								340	680		859								2	5		2								939	0		1719								340	520		240								0		0			0														0	0		1								879	3798		1659								4477	520		3798								400,04	541,64		452,25								465,21	145,75		541,64							
Recording067	ProVisioNET_study_111_03	Female	Novice	snapshot_students	14	snapshot_students	69639	826128	0	0	0	0	0	0	0	0	0	0	0	0	0	0	0	0	0	0	0	0	0	0	0	1	1	0	0	0	0	0	0	0	0	0	0	0	0	0	1	0	0	0	0	0	0	0	0	0																								52866	48581														55568										9454	8795		10974								525	586		406								100	80		80								2938	2159		1279								18	15		27								520	0		9055								740	80		640								Carl(a)	Carl(a)	0	0		0																																									0	0		0																														11133	10234		18689								928	787		1869								140	180		220								3538	3778		8935								12	13		10								520	0		9055								1999	460		939								11133	10234		18689								928	787		1869								140	180		220								3538	3778		8935								12	13		10								520	0		9055								1999	460		939								0		0			0														6	1		15								460	4417		22407								34480	460		44794								392,92	531,22		298,7								424,24	392,92		447,87							
Recording067	ProVisioNET_study_111_03	Female	Novice	snapshot_students	15	snapshot_students	12493	901324	0	0	0	0	0	0	0	0	0	0	0	0	0	0	0	0	0	0	0	0	0	0	1	0	0	0	0	0	0	0	0	0	0	0	0	0	0	0	0	0	0	0	0	0	0	0	0	0																							3386																										6476	0		540								648			540								100			540								2658			540								10	0		1								0			9075								140			540								Anna	Anna	0	0		0																																									0	0		0																														11513	0		540								5757			540								2658			540								8855			540								2	0		1								0			9075								8855			540								11513	0		540								5757			540								2658			540								8855			540								2	0		1								0			9075								8855			540								0		0			0														9	0		0																																																			
Recording067	ProVisioNET_study_111_03	Female	Novice	snapshot_students	16	snapshot_students	116791	923731	0	0	0	0	0	0	0	0	0	0	0	0	0	0	0	0	1	1	1	0	0	0	0	0	0	0	0	0	0	0	0	0	0	0	0	0	1	0	0	0	0	0	0	0	0	0	0	0																	71071	45241	41071																		43936												23966	31801		4497								826	883		409								80	80		80								3978	4617		1019								29	36		11								400	0		19229								200	340		1019								Carl(a)	Carl(a)	0	0		0																																									0	0		0																														37278	56606		4877								4142	6290		697								200	140		220								12912	16830		1479								9	9		7								400	0		19229								200	340		1019								37318	56646		4917								4146	6294		702								200	140		220								12912	16830		1479								9	9		7								400	0		19189								200	340		1059								0		0			0														13	25		1								340	600										600	340		39397								517,33	479,63										479,63	517,33		576,12							
Recording067	ProVisioNET_study_111_03	Female	Novice	snapshot_students	17	snapshot_students	6996	1045998	0	0	0	0	0	0	0	0	0	0	0	0	0	0	0	0	0	0	0	0	0	0	0	0	0	0	0	0	0	0	0	0	0	0	0	0	0	0	0	0	0	0	0	0	0	0	0	0																																																	0	440		1599									220		533									180		440									260		580								0	2		3									5877		0									180		440								Carl(a)		0	0		0																																									0	0		0																														0	460		6396									460		3198									460		580									460		5817								0	1		2									5877		0									460		5817								0	460		6396									460		3198									460		580									460		5817								0	1		2									5877		0									460		5817								0		0			0														0	1		6									5817		6336									6336		5817									603,96		555,19									555,19		603,96							
Recording067	ProVisioNET_study_111_03	Female	Novice	snapshot_students	18	snapshot_students	47732	1060110	0	0	0	0	0	0	0	0	0	0	0	0	0	0	0	0	0	0	0	0	0	0	0	0	0	0	0	0	0	0	0	0	0	0	0	0	0	0	0	0	0	1	0	0	0	1	1	1																																										4931				31128	6689	1128	12073	9974		4437								755	399		370								80	60		80								2159	1319		899								16	25		12								10134	0		580								140	340		500								Carl(a)	Carl(a)	0	0		899											899											899											899								0	0		1											1599											899								16910	16050		5817								4227	2006		1163								100	120		220								9215	10254		2898								4	8		5								10134	0		580								6896	540		2898								16910	16050		5857								4227	2006		1171								100	120		220								9215	10254		2898								4	8		5								10134	0		580								6896	540		2898								899	899	1	899	5,5588	0														3	7		5								17570	6116		540								17030	540		6116								399,21	413,76		471,16								370,05	471,16		413,76							
Recording067	ProVisioNET_study_111_03	Female	Novice	snapshot_students	19	snapshot_students	13712	1119095	0	0	0	0	0	0	0	0	0	0	0	0	0	0	0	0	0	0	0	0	0	0	0	0	0	0	0	0	0	0	0	0	0	0	0	0	0	0	0	0	0	0	0	0	0	0	0	0																																																	3638	4437		1659								520	444		415								260	160		280								800	899		540								7	10		4								3258	2638		0								480	160		520								Carl(a)	Carl(a)	0	0		0																																									0	0		0																														3658	4457		1659								610	495		415								260	240		280								1559	899		540								6	9		4								3258	2638		0								480	580		520								3658	4457		1659								610	495		415								260	240		280								1559	899		540								6	9		4								3258	2638		0								480	580		520								0		0			0														1	1		0								3218	5097										5097	3218		520								666,72	440,5										440,5	666,72		402,6							
Recording067	ProVisioNET_study_111_03	Female	Novice	snapshot_students	20	snapshot_students	23746	1143520	0	0	0	0	0	0	0	0	0	0	0	1	1	0	0	0	0	0	0	0	0	0	0	0	0	0	0	0	0	0	0	0	0	0	1	0	0	0	0	0	0	0	0	0	0	0	0	0												17045	1442																						13777														320	4977		6856								320	452		571								320	140		80								320	859		1439								1	11		12								12732	0		1279								320	760		240								Carl(a)	Carl(a)	0	0		0																																									0	0		0																														320	6756		9814								320	3378		4907								320	760		2638								320	5996		7176								1	2		2								12732	0		1279								320	760		7176								320	6756		9814								320	3378		4907								320	760		2638								320	5996		7176								1	2		2								12732	0		1279								320	760		7176								0		0			0														0	6		3								12712	13052		1239								13052											399,58	330,84		298,84								330,84										
Recording067	ProVisioNET_study_111_03	Female	Novice	snapshot_students	21	snapshot_students	12413	1178120	0	0	0	0	0	0	0	0	0	0	0	0	0	0	0	0	0	0	0	0	0	0	0	0	0	0	0	0	0	0	0	0	0	0	0	0	0	0	0	0	0	0	0	0	0	0	0	0																																																	7635	999		0								764	333										80	160										2598	420										10	3		0								460	0										540	420										Anna	Anna	0	0		0																																									0	0		0																														10754	1299		0								5377	650										540	420										10214	879										2	2		0								460	0										540	420										10754	1299		0								5377	650										540	420										10214	879										2	2		0								460	0										540	420										0		0			0														6	2		0								420												420										524,16												524,16									
Recording067	ProVisioNET_study_111_03	Female	Novice	snapshot_students	22	snapshot_students	23206	1206083	0	0	0	0	0	0	0	0	0	0	0	0	0	0	0	0	0	0	0	0	0	0	0	0	0	0	0	0	0	0	0	0	0	0	0	0	0	0	0	0	0	0	0	0	0	0	0	0																																																	1239	7795		3898								310	487		300								140	80		100								560	2439		540								4	16		13								2099	999		0								560	939		260								Carl(a)	Carl(a)	0	0		0																																									0	0		0																														1599	11633		5657								533	1662		943								140	440		160								899	6176		4357								3	7		6								2099	999		0								560	939		260								1599	11633		5657								533	1662		943								140	440		160								899	6176		4357								3	7		6								2099	999		0								560	939		260								0		0			0														2	3		4									959										2658			260									263,13										383,34			324,07							
Recording067	ProVisioNET_study_111_03	Female	Novice	snapshot_students	23	snapshot_students	52009	1243421	0	0	0	0	0	0	0	0	0	0	0	0	0	1	1	0	0	0	0	0	0	0	0	0	0	0	0	0	0	0	0	0	0	0	0	1	0	0	0	0	0	0	0	0	0	0	0	0														20997	4350																					1419													4857	6676		16870								486	514		602								80	80		80								1779	2898		2059								10	13		28								29942	160		0								360	200		100								Bianca	Bianca	0	0		0																																									0	0		0																														6916	9834		26664								1729	1405		4444								160	160		80								3678	6036		15291								4	7		6								29942	160		0								2758	200		100								6916	9834		26664								1729	1405		4444								160	160		80								3678	6036		15291								4	7		6								29942	160		0								2758	200		100								0		0			0														6	5		7								42435	100		1539									360		100								122,45	431,29		180,56									733,61		431,29							
Recording067	ProVisioNET_study_111_03	Female	Novice	snapshot_students	24	snapshot_students	10194	1321954	0	0	0	0	0	0	0	0	0	0	0	0	0	0	0	0	0	0	0	0	0	0	0	0	0	0	0	0	0	0	0	0	1	0	0	0	0	0	0	0	0	0	0	0	0	0	0	0																																	3522																1259	3438		260								420	313		260								380	80		260								460	1679		260								3	11		1								740	300		0								460	260		260								Bianca	Bianca	0	0		0																																									0	0		0																														1259	7755		260								420	1939		260								380	120		260								460	7096		260								3	4		1								740	300		0								460	260		260								1259	7755		260								420	1939		260								380	120		260								460	7096		260								3	4		1								740	300		0								460	260		260								0		0			0														0	5		0								1499	260										1199	1499		260								244,14	440,58										340	244,14		440,58							
Recording067	ProVisioNET_study_111_03	Female	Novice	snapshot_students	25	snapshot_students	12173	1339123	0	0	0	0	0	0	0	0	0	0	0	0	0	0	0	0	0	0	0	0	0	0	0	0	0	0	0	0	0	0	0	0	0	0	0	0	0	0	0	0	0	0	0	0	0	0	0	0																																																	220	4357		1839								220	622		306								220	140		80								220	2099		560								1	7		6								360	0		5137								220	180		360								Carl(a)	Carl(a)	0	0		0																																									0	0		0																														220	7755		3178								220	2585		1589								220	180		360								220	4118		2818								1	3		2								360	0		5137								220	180		360								220	7755		3178								220	2585		1589								220	180		360								220	4118		2818								1	3		2								360	0		5137								220	180		360								0		0			0														0	4		2									580										580												367,85										367,85										
Recording067	ProVisioNET_study_111_03	Female	Novice	snapshot_students	26	snapshot_students	19548	1362969	0	0	0	0	0	0	0	0	0	0	0	0	0	0	0	0	0	0	0	0	0	0	0	0	0	0	0	0	0	0	0	0	0	0	0	0	0	0	0	0	0	0	0	0	0	0	0	0																																																	4377	5117		1579								365	640		1579								100	80		1579								760	1539		1579								12	8		1								0	1059		13652								680	240		1579								Anna	Anna	0	0		0																																									0	0		0																														6776	8335		1579								1129	2084		1579								340	240		1579								3478	5817		1579								6	4		1								0	1059		13652								999	240		1579								6776	8335		1579								1129	2084		1579								340	240		1579								3478	5817		1579								6	4		1								0	1059		13652								999	240		1579								0		0			0														2	2		0								12552	999										999	12552										414,32	402,93										402,93	414,32									
Recording067	ProVisioNET_study_111_03	Female	Novice	snapshot_students	27	snapshot_students	45932	1407003	0	0	0	0	0	0	0	1	1	1	0	0	0	0	0	0	0	0	0	0	0	0	0	0	0	0	0	0	0	0	0	0	0	1	0	0	0	0	0	0	0	0	0	0	0	0	0	0								37411	10552	7411																								9417															5097	15231		500								425	725		167								80	80		80								2299	3578		280								12	21		3								5996	0		22766								200	200		280								Bianca	Bianca	0	0		0																																									0	0		0																														8115	24465		500								902	2224		167								80	80		80								2299	13632		280								9	11		3								5996	0		22766								200	5936		280								8115	24465		500								902	2224		167								80	80		80								2299	13632		280								9	11		3								5996	0		22766								200	5936		280								0		0			0														2	7		0								5936	20248		25085								24405	5936										380,95	710,03		140,91								397,71	380,95									
Recording067	ProVisioNET_study_111_03	Female	Novice	snapshot_students	28	snapshot_students	4078	1466847	0	0	0	0	0	0	0	0	0	0	0	0	0	0	0	0	0	0	0	0	0	0	0	0	0	0	0	0	0	0	0	0	0	0	0	0	0	0	0	0	0	0	0	0	0	0	0	0																																																	820	1179		939								410	295		470								300	120		360								520	520		580								2	4		2								2439	0		420								520	360		360								Bianca	Bianca	0	0		0																																									0	0		0																														820	1179		1199								410	295		1199								300	120		1199								520	520		1199								2	4		1								2439	0		420								520	360		1199								820	1179		1199								410	295		1199								300	120		1199								520	520		1199								2	4		1								2439	0		420								520	360		1199								0		0			0														0	0		2								2419	1619		360								2958	360		1619								296,74	519,75		529,29								410,19	529,29		519,75							
Recording067	ProVisioNET_study_111_03	Female	Novice	snapshot_students	29	snapshot_students	1619	1476181	0	0	0	0	0	0	0	0	0	0	0	0	0	0	0	0	0	0	0	0	0	0	0	0	0	0	0	0	0	0	0	0	0	0	0	0	0	0	0	0	0	0	0	0	0	0	0	0																																																	0	0		1239											620											260											979								0	0		2											120											260								Carl(a)	Carl(a)	0	0		0																																									0	0		0																														0	0		1499											1499											1499											1499								0	0		1											120											1499								0	0		1499											1499											1499											1499								0	0		1											120											1499								0		0			0														0	0		2											100																						122,69																		
Recording067	ProVisioNET_study_111_03	Female	Novice	snapshot_students	30	snapshot_students	1399	1483697	0	0	0	0	0	0	0	0	0	0	0	0	0	0	0	0	0	0	0	0	0	0	0	0	0	0	0	0	0	0	0	0	0	0	0	0	0	0	0	0	0	0	0	0	0	0	0	0																																																	700	340		0								175	340										100	340										320	340										4	1		0								0	360										320	340										Anna	Anna	0	0		0																																									0	0		0																														859	340		0								430	340										320	340										540	340										2	1		0								0	360										320	340										859	340		0								430	340										320	340										540	340										2	1		0								0	360										320	340										0		0			0														0	0		0									320										320												427,5										427,5										
Recording067	ProVisioNET_study_111_03	Female	Novice	snapshot_students	31	snapshot_students	3738	1502965	0	0	0	0	0	0	0	0	0	0	0	0	0	0	0	0	0	0	0	0	0	0	0	0	0	0	0	0	0	0	0	0	0	0	0	0	0	0	0	0	0	0	0	0	0	0	0	0																																																	0	480		2099									480		525									480		100									480		780								0	1		4									859		0									480		780								Carl(a)	Carl(a)	0	0		0																																									0	0		0																														0	480		3098									480		1549									480		780									480		2319								0	1		2									859		0									480		780								0	480		3098									480		1549									480		780									480		2319								0	1		2									859		0									480		780								0		0			0														0	0		2									780		1339									1339		780									521,52		522,97									522,97		521,52							
Recording067	ProVisioNET_study_111_03	Female	Novice	snapshot_students	32	snapshot_students	10634	1539144	0	0	0	0	0	0	0	0	0	0	0	0	0	0	0	0	0	0	0	0	0	0	0	0	0	0	0	0	0	0	0	0	0	0	0	0	0	0	0	0	0	0	0	0	0	0	0	0																																																	160	2998		740								160	999		370								160	420		320								160	1779		420								1	3		2								0	4257		7396								160	800		320								Carl(a)	Carl(a)	0	0		0																																									0	0		0																														160	3818		740								160	1909		370								160	1779		320								160	2039		420								1	2		2								0	4257		7396								160	2039		320								160	3818		740								160	1909		370								160	1779		320								160	2039		420								1	2		2								0	4257		7396								160	2039		320								0		0			0														0	2		0									4237																						162,95																				
Recording067	ProVisioNET_study_111_03	Female	Novice	snapshot_students	33	snapshot_students	9814	1557313	0	0	0	0	0	0	0	0	0	0	0	0	0	0	0	0	0	0	0	0	0	0	0	0	0	0	0	0	0	0	0	0	0	0	0	0	0	0	0	0	0	0	0	0	0	0	0	0																																																	899	2478		1559								899	413		312								899	120		80								899	1119		840								1	6		5								3678	40		1319								899	600		80								Carl(a)	Carl(a)	0	0		0																																									0	0		0																														899	3518		3658								899	1173		1829								899	600		480								899	1639		3178								1	3		2								3678	40		1319								899	600		480								899	3598		3658								899	1199		1829								899	640		480								899	1639		3178								1	3		2								3678	0		1319								899	640		480								0		0			0														0	3		5									4577										4577												361,56										361,56										
Recording067	ProVisioNET_study_111_03	Female	Novice	snapshot_students	34	snapshot_students	14591	1583517	0	0	0	0	0	0	0	0	0	0	0	0	0	0	0	0	0	0	0	0	0	0	0	0	0	0	0	0	0	0	0	0	0	0	0	0	0	0	0	0	0	0	0	0	0	0	0	0																																																	1839	1799		240								263	600		240								80	140		240								480	1339		240								7	3		1								40	1639		8115								280	1339		240								Anna	Anna	0	0		0																																									0	0		0																														3418	1799		240								684	600		240								80	140		240								2698	1339		240								5	3		1								40	1639		8115								280	1339		240								3458	1839		240								692	613		240								80	140		240								2698	1379		240								5	3		1								0	1599		8115								320	1379		240								0		0			0														0	0		0																																																			
Recording067	ProVisioNET_study_111_03	Female	Novice	Entire Recording	1	fullstream	1815212	0	0	1	1	1	1	1	1	1	1	1	1	1	1	1	1	1	1	1	1	1	1	1	1	1	1	1	1	0	0	0	1	1	1	1	1	1	1	1	1	0	1	1	1	1	1	1	1	1		508053	490687	478053	1687856	1666272	1657856	1444414	1417555	1414414	1174962	1160565	1144962	1264418	1247770	1234418	994802	968971	964802	813519	787105	783519	904710	878994	874710	1601619	492875				1355476	1355593	1325476	1416419	1157297	1244840	967666	785822	881697		694999	1065040	724123	695771	694123	1091238	1066799	1061238	115492	145214	184310	87408	61683	23326	45573	110674	3978	3038	3078	500	530	614	453	253	542	543	490	306	304	220	80	60	80	80	80	80	80	80	160	80	80	3978	4617	6996	3378	2818	2199	2399	2758	460	600	400	231	274	300	193	244	43	84	226	13	10	14	508775	520668	507296	511853	493024	694986	513852	509854	593645	641137	613034	220	180	100	140	140	580	979	340	160	600	340	Classroom_Others		0	0	0	899	0	899	0	0	0	0	0				899		899									899		899									899		899						0	0	0	1	0	1	0	0	0	0	0				1061709		1061709									899		899						139417	161384	198822	102619	93085	25985	50390	121787	3978	3238	3078	968	863	2093	892	564	1181	2016	1997	306	405	220	80	80	80	80	80	220	100	80	160	80	80	9215	5117	12393	6196	13352	3818	15031	17250	460	660	400	144	187	95	115	165	22	25	61	13	8	14	508775	520668	507296	511853	493024	694986	513852	509854	593645	641137	613034	460	180	899	400	13352	580	979	340	160	600	340	146453	171138	202839	107676	99761	26824	51190	124086	4537	3498	3658	1017	915	2135	936	605	1219	2048	2034	349	437	261	100	120	100	100	80	300	160	100	180	80	80	9274	5177	12433	6196	13352	3878	15051	17270	500	700	440	144	187	95	115	165	22	25	61	13	8	14	508735	520648	507296	511753	493024	694986	513832	509834	593625	641097	612994	500	200	899	500	13352	580	999	360	180	640	380	919216	432	2128	200	5,38303	1175	259,21	100,13	1064,57	142,1	8,94	0,56	41,22	10502,48	1429	295,5	356,8	247,72	13,14	43	41	146	31	29	11	42	124	0	1	0	508735	557646	916615	567740	514831	784253	513832	669441	795147	641097	612994	513832	520848	915076	568000	508735	784013	514831	875159	853292	830546	848535	447,45	262,45	219,74	371,96	100,96	374,67	186,07	500,44	211,46	290,65	378,91	186,07	199,21	122,83	515,29	447,45	386,75	100,96	455,5	351,27	531,22	298,7
=======
Recording067	ProVisioNET_study_111_03	Female	Novice	snapshot_students	3	snapshot_students	13612	545833	0	0	0	0	0	0	0	0	0	0	0	0	0	0	0	0	0	0	0	0	0	0	0	0	0	0	0	0	0	0	0	0	0	0	0	0	0	0	0	0	0	0	0	0	0	0	0	0																																																	1539	1099		0								257	275										160	120										360	420										6	4		0								1999	0										220	120										Bianca	Bianca	0	0		0																																									0	0		0																														6676	2519		0								3338	840										780	200										5897	1959										2	3		0								1999	0										5897	1959										6676	2519		0								3338	840										780	200										5897	1959										2	3		0								1999	0										5897	1959										0		0			0														5	0		0								1959	11813											1959										374.56	262.45											374.56									
Recording067	ProVisioNET_study_111_03	Female	Novice	snapshot_students	4	snapshot_students	3418	565282	0	0	0	0	0	0	0	0	0	0	0	0	0	0	0	0	0	0	0	0	0	0	0	0	0	0	0	0	0	0	0	0	0	0	0	0	0	0	0	0	0	0	0	0	0	0	0	0																																																	840	999		220								280	200		220								120	80		220								400	300		220								3	5		1								720	0		2499								400	220		220								Anna	Anna	0	0		0																																									0	0		0																														840	1019		220								280	255		220								120	180		220								400	320		220								3	4		1								720	0		2499								400	220		220								840	1019		220								280	255		220								120	180		220								400	320		220								3	4		1								720	0		2499								400	220		220								0		0			0														0	1		0								1659	2718		2459									1659		2718								471.74	515.29		371.96									471.74		515.29							
Recording067	ProVisioNET_study_111_03	Female	Novice	snapshot_students	5	snapshot_students	5357	575396	0	0	0	0	0	0	0	0	0	0	0	0	0	0	0	0	0	0	0	0	0	0	0	0	0	0	0	0	0	0	0	0	0	0	0	0	0	0	0	0	0	0	0	0	0	0	0	0																																																	1259	0		0								420											400											440											3	0		0								0											420											Anna	Anna	0	0		0																																									0	0		0																														5357	0		0								5357											5357											5357											1	0		0								0											5357											5357	0		0								5357											5357											5357											1	0		0								0											5357											0		0			0														2	0		0																																																			
Recording067	ProVisioNET_study_111_03	Female	Novice	snapshot_students	6	snapshot_students	72777	592066	0	0	0	0	0	0	0	0	0	0	0	0	0	0	0	0	0	0	0	0	0	0	0	0	0	0	0	0	0	0	0	0	0	0	0	0	0	0	0	0	0	0	0	0	0	0	0	0																																																	9954	10214		12633								343	567		702								80	80		80								820	2279		2678								29	18		18								0	19389		20588								240	600		340								Bianca	Bianca	0	0		0																																									0	0		0																														28803	18189		18789								7201	2598		3758								400	280		240								19329	9894		14691								4	7		5								0	19389		20588								19329	600		14691								28803	18189		18789								7201	2598		3758								400	280		240								19329	9894		14691								4	7		5								0	19389		20588								19329	600		14691								0		0			0														18	5		9								58805	19329										19329	58805		62024								449.2	383.75										383.75	449.2		455.43							
Recording067	ProVisioNET_study_111_03	Female	Novice	snapshot_students	7	snapshot_students	1959	670340	0	0	0	0	0	0	0	0	0	0	0	0	0	0	0	0	0	0	0	0	0	0	0	0	0	0	0	0	0	0	0	0	0	0	0	0	0	0	0	0	0	0	0	0	0	0	0	0																																																	0	420		360									420		120									420		80									420		180								0	1		3									0		1559									420		100								Carl(a)	Carl(a)	0	0		0																																									0	0		0																														0	420		400									420		400									420		400									420		400								0	1		1									0		1559									420		400								0	420		400									420		400									420		400									420		400								0	1		1									0		1559									420		400								0		0			0														0	0		2																																																			
Recording067	ProVisioNET_study_111_03	Female	Novice	snapshot_students	8	snapshot_students	18089	677476	0	0	0	0	0	0	0	0	0	0	0	0	0	0	0	0	0	0	0	0	0	0	0	0	0	0	0	0	0	0	0	0	0	0	0	0	0	0	0	0	1	0	0	0	1	0	0	0																																									17523				16647				2379	2658		2678								396	266		268								100	80		160								1079	500		460								6	10		10								4777	0		8995								100	80		220								Anna	Anna	0	0		0																																									0	0		0																														4537	5217		4178								1512	1043		1393								100	80		380								2718	3918		2179								3	5		3								4777	0		8995								100	3918		1619								4537	5217		4178								1512	1043		1393								100	80		380								2718	3918		2179								3	5		3								4777	0		8995								100	3918		1619								0		0			0														1	2		2									10614		11133									11133		10614									527.34		603.56									603.56		527.34							
Recording067	ProVisioNET_study_111_03	Female	Novice	snapshot_students	9	snapshot_students	35419	703361	0	0	0	0	0	0	0	0	0	0	0	0	0	0	0	0	0	0	0	0	0	0	0	0	0	0	0	0	0	0	0	0	0	0	0	0	0	0	0	0	0	0	1	0	0	0	0	0																																											20762						5537	7116		919								554	339		306								80	80		260								1759	1499		380								10	21		3								0	10374		9015								1759	100		260								Carl(a)	Carl(a)	0	0		0																																									0	0		0																														9534	20248		939								3178	6749		470								1479	1459		280								6116	10294		660								3	3		2								0	10374		9015								6116	1459		660								9534	20248		939								3178	6749		470								1479	1459		280								6116	10294		660								3	3		2								0	10374		9015								6116	1459		660								0		0			0														3	23		1								11833	24566										24566	11833										499.04	458.95										458.95	499.04									
Recording067	ProVisioNET_study_111_03	Female	Novice	snapshot_students	10	snapshot_students	1979	745576	0	0	0	0	0	0	0	0	0	0	0	0	0	0	0	0	0	0	0	0	0	0	0	0	0	0	0	0	0	0	0	0	0	0	0	0	0	0	0	0	0	0	0	0	0	0	0	0																																																	0	1219		380									1219		380									1219		380									1219		380								0	1		1									760		0									1219		380								Bianca	Bianca	0	0		0																																									0	0		0																														0	1219		380									1219		380									1219		380									1219		380								0	1		1									760		0									1219		380								0	1219		380									1219		380									1219		380									1219		380								0	1		1									760		0									1219		380								0		0			0														0	0		0																																																			
Recording067	ProVisioNET_study_111_03	Female	Novice	snapshot_students	11	snapshot_students	4837	763046	0	0	0	0	0	0	0	0	0	0	0	0	0	0	0	0	0	0	0	0	0	0	0	0	0	0	0	0	0	0	0	0	0	0	0	0	0	0	0	0	0	0	0	0	0	0	0	0																																																	180	0		360								180			360								180			360								180			360								1	0		1								4657			0								180			360								Anna	Anna	0	0		0																																									0	0		0																														180	0		360								180			360								180			360								180			360								1	0		1								4657			0								180			360								180	0		360								180			360								180			360								180			360								1	0		1								4657			0								180			360								0		0			0														0	0		0								4637																						170.78																					
Recording067	ProVisioNET_study_111_03	Female	Novice	snapshot_students	12	snapshot_students	20468	781595	0	0	0	0	0	0	0	0	0	0	0	0	0	0	0	0	0	0	0	0	1	1	0	0	0	0	0	0	0	0	0	0	0	0	0	0	0	1	0	0	0	0	0	0	0	0	0	0																					5510	1924																4227											4537	3398		1359								412	425		340								120	80		220								1739	1159		440								11	8		4								0	1259		9115								360	1159		280								Carl(a)	Carl(a)	0	0		0																																									0	0		0																														8055	4158		2439								2685	4158		813								360	4158		220								4917	4158		1939								3	1		3								0	1259		9115								360	4158		280								8055	4158		2479								2685	4158		826								360	4158		260								4917	4158		1939								3	1		3								0	1259		9115								360	4158		280								0		0			0														9	6		3											9095											15071											200.33											356.97							
Recording067	ProVisioNET_study_111_03	Female	Novice	snapshot_students	13	snapshot_students	4657	815115	0	0	0	0	0	0	0	0	0	0	0	0	0	0	0	0	0	0	0	0	0	0	0	0	0	0	0	0	0	0	0	0	0	0	0	0	0	0	0	0	0	0	0	0	0	0	0	0																																																	640	1799		859								320	360		215								300	120		160								340	680		280								2	5		4								939	0		1719								340	520		240								Bianca	Bianca	0	0		0																																									0	0		0																														640	1799		1099								320	360		550								300	120		240								340	680		859								2	5		2								939	0		1719								340	520		240								640	1799		1099								320	360		550								300	120		240								340	680		859								2	5		2								939	0		1719								340	520		240								0		0			0														0	0		1								879	3798		1659								4477	520		3798								400.04	541.64		452.25								465.21	145.75		541.64							
Recording067	ProVisioNET_study_111_03	Female	Novice	snapshot_students	14	snapshot_students	69639	826128	0	0	0	0	0	0	0	0	0	0	0	0	0	0	0	0	0	0	0	0	0	0	0	1	1	0	0	0	0	0	0	0	0	0	0	0	0	0	1	0	0	0	0	0	0	0	0	0																								52866	48581														55568										9454	8795		10974								525	586		406								100	80		80								2938	2159		1279								18	15		27								520	0		9055								740	80		640								Carl(a)	Carl(a)	0	0		0																																									0	0		0																														11133	10234		18689								928	787		1869								140	180		220								3538	3778		8935								12	13		10								520	0		9055								1999	460		939								11133	10234		18689								928	787		1869								140	180		220								3538	3778		8935								12	13		10								520	0		9055								1999	460		939								0		0			0														6	1		15								460	4417		22407								34480	460		44794								392.92	531.22		298.7								424.24	392.92		447.87							
Recording067	ProVisioNET_study_111_03	Female	Novice	snapshot_students	15	snapshot_students	12493	901324	0	0	0	0	0	0	0	0	0	0	0	0	0	0	0	0	0	0	0	0	0	0	1	0	0	0	0	0	0	0	0	0	0	0	0	0	0	0	0	0	0	0	0	0	0	0	0	0																							3386																										6476	0		540								648			540								100			540								2658			540								10	0		1								0			9075								140			540								Anna	Anna	0	0		0																																									0	0		0																														11513	0		540								5757			540								2658			540								8855			540								2	0		1								0			9075								8855			540								11513	0		540								5757			540								2658			540								8855			540								2	0		1								0			9075								8855			540								0		0			0														9	0		0																																																			
Recording067	ProVisioNET_study_111_03	Female	Novice	snapshot_students	16	snapshot_students	116791	923731	0	0	0	0	0	0	0	0	0	0	0	0	0	0	0	0	1	1	1	0	0	0	0	0	0	0	0	0	0	0	0	0	0	0	0	0	1	0	0	0	0	0	0	0	0	0	0	0																	71071	45241	41071																		43936												23966	31801		4497								826	883		409								80	80		80								3978	4617		1019								29	36		11								400	0		19229								200	340		1019								Carl(a)	Carl(a)	0	0		0																																									0	0		0																														37278	56606		4877								4142	6290		697								200	140		220								12912	16830		1479								9	9		7								400	0		19229								200	340		1019								37318	56646		4917								4146	6294		702								200	140		220								12912	16830		1479								9	9		7								400	0		19189								200	340		1059								0		0			0														13	25		1								340	600										600	340		39397								517.33	479.63										479.63	517.33		576.12							
Recording067	ProVisioNET_study_111_03	Female	Novice	snapshot_students	17	snapshot_students	6996	1045998	0	0	0	0	0	0	0	0	0	0	0	0	0	0	0	0	0	0	0	0	0	0	0	0	0	0	0	0	0	0	0	0	0	0	0	0	0	0	0	0	0	0	0	0	0	0	0	0																																																	0	440		1599									220		533									180		440									260		580								0	2		3									5877		0									180		440								Carl(a)		0	0		0																																									0	0		0																														0	460		6396									460		3198									460		580									460		5817								0	1		2									5877		0									460		5817								0	460		6396									460		3198									460		580									460		5817								0	1		2									5877		0									460		5817								0		0			0														0	1		6									5817		6336									6336		5817									603.96		555.19									555.19		603.96							
Recording067	ProVisioNET_study_111_03	Female	Novice	snapshot_students	18	snapshot_students	47732	1060110	0	0	0	0	0	0	0	0	0	0	0	0	0	0	0	0	0	0	0	0	0	0	0	0	0	0	0	0	0	0	0	0	0	0	0	0	0	0	0	0	0	1	0	0	0	1	1	1																																										4931				31128	6689	1128	12073	9974		4437								755	399		370								80	60		80								2159	1319		899								16	25		12								10134	0		580								140	340		500								Carl(a)	Carl(a)	0	0		899											899											899											899								0	0		1											1599											899								16910	16050		5817								4227	2006		1163								100	120		220								9215	10254		2898								4	8		5								10134	0		580								6896	540		2898								16910	16050		5857								4227	2006		1171								100	120		220								9215	10254		2898								4	8		5								10134	0		580								6896	540		2898								899	899	1	899	5.5588	0														3	7		5								17570	6116		540								17030	540		6116								399.21	413.76		471.16								370.05	471.16		413.76							
Recording067	ProVisioNET_study_111_03	Female	Novice	snapshot_students	19	snapshot_students	13712	1119095	0	0	0	0	0	0	0	0	0	0	0	0	0	0	0	0	0	0	0	0	0	0	0	0	0	0	0	0	0	0	0	0	0	0	0	0	0	0	0	0	0	0	0	0	0	0	0	0																																																	3638	4437		1659								520	444		415								260	160		280								800	899		540								7	10		4								3258	2638		0								480	160		520								Carl(a)	Carl(a)	0	0		0																																									0	0		0																														3658	4457		1659								610	495		415								260	240		280								1559	899		540								6	9		4								3258	2638		0								480	580		520								3658	4457		1659								610	495		415								260	240		280								1559	899		540								6	9		4								3258	2638		0								480	580		520								0		0			0														1	1		0								3218	5097										5097	3218		520								666.72	440.5										440.5	666.72		402.6							
Recording067	ProVisioNET_study_111_03	Female	Novice	snapshot_students	20	snapshot_students	23746	1143520	0	0	0	0	0	0	0	0	0	0	0	1	1	0	0	0	0	0	0	0	0	0	0	0	0	0	0	0	0	0	0	0	0	0	1	0	0	0	0	0	0	0	0	0	0	0	0	0												17045	1442																						13777														320	4977		6856								320	452		571								320	140		80								320	859		1439								1	11		12								12732	0		1279								320	760		240								Carl(a)	Carl(a)	0	0		0																																									0	0		0																														320	6756		9814								320	3378		4907								320	760		2638								320	5996		7176								1	2		2								12732	0		1279								320	760		7176								320	6756		9814								320	3378		4907								320	760		2638								320	5996		7176								1	2		2								12732	0		1279								320	760		7176								0		0			0														0	6		3								12712	13052		1239								13052											399.58	330.84		298.84								330.84										
Recording067	ProVisioNET_study_111_03	Female	Novice	snapshot_students	21	snapshot_students	12413	1178120	0	0	0	0	0	0	0	0	0	0	0	0	0	0	0	0	0	0	0	0	0	0	0	0	0	0	0	0	0	0	0	0	0	0	0	0	0	0	0	0	0	0	0	0	0	0	0	0																																																	7635	999		0								764	333										80	160										2598	420										10	3		0								460	0										540	420										Anna	Anna	0	0		0																																									0	0		0																														10754	1299		0								5377	650										540	420										10214	879										2	2		0								460	0										540	420										10754	1299		0								5377	650										540	420										10214	879										2	2		0								460	0										540	420										0		0			0														6	2		0								420												420										524.16												524.16									
Recording067	ProVisioNET_study_111_03	Female	Novice	snapshot_students	22	snapshot_students	23206	1206083	0	0	0	0	0	0	0	0	0	0	0	0	0	0	0	0	0	0	0	0	0	0	0	0	0	0	0	0	0	0	0	0	0	0	0	0	0	0	0	0	0	0	0	0	0	0	0	0																																																	1239	7795		3898								310	487		300								140	80		100								560	2439		540								4	16		13								2099	999		0								560	939		260								Carl(a)	Carl(a)	0	0		0																																									0	0		0																														1599	11633		5657								533	1662		943								140	440		160								899	6176		4357								3	7		6								2099	999		0								560	939		260								1599	11633		5657								533	1662		943								140	440		160								899	6176		4357								3	7		6								2099	999		0								560	939		260								0		0			0														2	3		4									959										2658			260									263.13										383.34			324.07							
Recording067	ProVisioNET_study_111_03	Female	Novice	snapshot_students	23	snapshot_students	52009	1243421	0	0	0	0	0	0	0	0	0	0	0	0	0	1	1	0	0	0	0	0	0	0	0	0	0	0	0	0	0	0	0	0	0	0	0	1	0	0	0	0	0	0	0	0	0	0	0	0														20997	4350																					1419													4857	6676		16870								486	514		602								80	80		80								1779	2898		2059								10	13		28								29942	160		0								360	200		100								Bianca	Bianca	0	0		0																																									0	0		0																														6916	9834		26664								1729	1405		4444								160	160		80								3678	6036		15291								4	7		6								29942	160		0								2758	200		100								6916	9834		26664								1729	1405		4444								160	160		80								3678	6036		15291								4	7		6								29942	160		0								2758	200		100								0		0			0														6	5		7								42435	100		1539									360		100								122.45	431.29		180.56									733.61		431.29							
Recording067	ProVisioNET_study_111_03	Female	Novice	snapshot_students	24	snapshot_students	10194	1321954	0	0	0	0	0	0	0	0	0	0	0	0	0	0	0	0	0	0	0	0	0	0	0	0	0	0	0	0	0	0	0	0	1	0	0	0	0	0	0	0	0	0	0	0	0	0	0	0																																	3522																1259	3438		260								420	313		260								380	80		260								460	1679		260								3	11		1								740	300		0								460	260		260								Bianca	Bianca	0	0		0																																									0	0		0																														1259	7755		260								420	1939		260								380	120		260								460	7096		260								3	4		1								740	300		0								460	260		260								1259	7755		260								420	1939		260								380	120		260								460	7096		260								3	4		1								740	300		0								460	260		260								0		0			0														0	5		0								1499	260										1199	1499		260								244.14	440.58										340	244.14		440.58							
Recording067	ProVisioNET_study_111_03	Female	Novice	snapshot_students	25	snapshot_students	12173	1339123	0	0	0	0	0	0	0	0	0	0	0	0	0	0	0	0	0	0	0	0	0	0	0	0	0	0	0	0	0	0	0	0	0	0	0	0	0	0	0	0	0	0	0	0	0	0	0	0																																																	220	4357		1839								220	622		306								220	140		80								220	2099		560								1	7		6								360	0		5137								220	180		360								Carl(a)	Carl(a)	0	0		0																																									0	0		0																														220	7755		3178								220	2585		1589								220	180		360								220	4118		2818								1	3		2								360	0		5137								220	180		360								220	7755		3178								220	2585		1589								220	180		360								220	4118		2818								1	3		2								360	0		5137								220	180		360								0		0			0														0	4		2									580										580												367.85										367.85										
Recording067	ProVisioNET_study_111_03	Female	Novice	snapshot_students	26	snapshot_students	19548	1362969	0	0	0	0	0	0	0	0	0	0	0	0	0	0	0	0	0	0	0	0	0	0	0	0	0	0	0	0	0	0	0	0	0	0	0	0	0	0	0	0	0	0	0	0	0	0	0	0																																																	4377	5117		1579								365	640		1579								100	80		1579								760	1539		1579								12	8		1								0	1059		13652								680	240		1579								Anna	Anna	0	0		0																																									0	0		0																														6776	8335		1579								1129	2084		1579								340	240		1579								3478	5817		1579								6	4		1								0	1059		13652								999	240		1579								6776	8335		1579								1129	2084		1579								340	240		1579								3478	5817		1579								6	4		1								0	1059		13652								999	240		1579								0		0			0														2	2		0								12552	999										999	12552										414.32	402.93										402.93	414.32									
Recording067	ProVisioNET_study_111_03	Female	Novice	snapshot_students	27	snapshot_students	45932	1407003	0	0	0	0	0	0	0	1	1	1	0	0	0	0	0	0	0	0	0	0	0	0	0	0	0	0	0	0	0	0	0	0	0	1	0	0	0	0	0	0	0	0	0	0	0	0	0	0								37411	10552	7411																								9417															5097	15231		500								425	725		167								80	80		80								2299	3578		280								12	21		3								5996	0		22766								200	200		280								Bianca	Bianca	0	0		0																																									0	0		0																														8115	24465		500								902	2224		167								80	80		80								2299	13632		280								9	11		3								5996	0		22766								200	5936		280								8115	24465		500								902	2224		167								80	80		80								2299	13632		280								9	11		3								5996	0		22766								200	5936		280								0		0			0														2	7		0								5936	20248		25085								24405	5936										380.95	710.03		140.91								397.71	380.95									
Recording067	ProVisioNET_study_111_03	Female	Novice	snapshot_students	28	snapshot_students	4078	1466847	0	0	0	0	0	0	0	0	0	0	0	0	0	0	0	0	0	0	0	0	0	0	0	0	0	0	0	0	0	0	0	0	0	0	0	0	0	0	0	0	0	0	0	0	0	0	0	0																																																	820	1179		939								410	295		470								300	120		360								520	520		580								2	4		2								2439	0		420								520	360		360								Bianca	Bianca	0	0		0																																									0	0		0																														820	1179		1199								410	295		1199								300	120		1199								520	520		1199								2	4		1								2439	0		420								520	360		1199								820	1179		1199								410	295		1199								300	120		1199								520	520		1199								2	4		1								2439	0		420								520	360		1199								0		0			0														0	0		2								2419	1619		360								2958	360		1619								296.74	519.75		529.29								410.19	529.29		519.75							
Recording067	ProVisioNET_study_111_03	Female	Novice	snapshot_students	29	snapshot_students	1619	1476181	0	0	0	0	0	0	0	0	0	0	0	0	0	0	0	0	0	0	0	0	0	0	0	0	0	0	0	0	0	0	0	0	0	0	0	0	0	0	0	0	0	0	0	0	0	0	0	0																																																	0	0		1239											620											260											979								0	0		2											120											260								Carl(a)	Carl(a)	0	0		0																																									0	0		0																														0	0		1499											1499											1499											1499								0	0		1											120											1499								0	0		1499											1499											1499											1499								0	0		1											120											1499								0		0			0														0	0		2											100																						122.69																		
Recording067	ProVisioNET_study_111_03	Female	Novice	snapshot_students	30	snapshot_students	1399	1483697	0	0	0	0	0	0	0	0	0	0	0	0	0	0	0	0	0	0	0	0	0	0	0	0	0	0	0	0	0	0	0	0	0	0	0	0	0	0	0	0	0	0	0	0	0	0	0	0																																																	700	340		0								175	340										100	340										320	340										4	1		0								0	360										320	340										Anna	Anna	0	0		0																																									0	0		0																														859	340		0								430	340										320	340										540	340										2	1		0								0	360										320	340										859	340		0								430	340										320	340										540	340										2	1		0								0	360										320	340										0		0			0														0	0		0									320										320												427.5										427.5										
Recording067	ProVisioNET_study_111_03	Female	Novice	snapshot_students	31	snapshot_students	3738	1502965	0	0	0	0	0	0	0	0	0	0	0	0	0	0	0	0	0	0	0	0	0	0	0	0	0	0	0	0	0	0	0	0	0	0	0	0	0	0	0	0	0	0	0	0	0	0	0	0																																																	0	480		2099									480		525									480		100									480		780								0	1		4									859		0									480		780								Carl(a)	Carl(a)	0	0		0																																									0	0		0																														0	480		3098									480		1549									480		780									480		2319								0	1		2									859		0									480		780								0	480		3098									480		1549									480		780									480		2319								0	1		2									859		0									480		780								0		0			0														0	0		2									780		1339									1339		780									521.52		522.97									522.97		521.52							
Recording067	ProVisioNET_study_111_03	Female	Novice	snapshot_students	32	snapshot_students	10634	1539144	0	0	0	0	0	0	0	0	0	0	0	0	0	0	0	0	0	0	0	0	0	0	0	0	0	0	0	0	0	0	0	0	0	0	0	0	0	0	0	0	0	0	0	0	0	0	0	0																																																	160	2998		740								160	999		370								160	420		320								160	1779		420								1	3		2								0	4257		7396								160	800		320								Carl(a)	Carl(a)	0	0		0																																									0	0		0																														160	3818		740								160	1909		370								160	1779		320								160	2039		420								1	2		2								0	4257		7396								160	2039		320								160	3818		740								160	1909		370								160	1779		320								160	2039		420								1	2		2								0	4257		7396								160	2039		320								0		0			0														0	2		0									4237																						162.95																				
Recording067	ProVisioNET_study_111_03	Female	Novice	snapshot_students	33	snapshot_students	9814	1557313	0	0	0	0	0	0	0	0	0	0	0	0	0	0	0	0	0	0	0	0	0	0	0	0	0	0	0	0	0	0	0	0	0	0	0	0	0	0	0	0	0	0	0	0	0	0	0	0																																																	899	2478		1559								899	413		312								899	120		80								899	1119		840								1	6		5								3678	40		1319								899	600		80								Carl(a)	Carl(a)	0	0		0																																									0	0		0																														899	3518		3658								899	1173		1829								899	600		480								899	1639		3178								1	3		2								3678	40		1319								899	600		480								899	3598		3658								899	1199		1829								899	640		480								899	1639		3178								1	3		2								3678	0		1319								899	640		480								0		0			0														0	3		5									4577										4577												361.56										361.56										
Recording067	ProVisioNET_study_111_03	Female	Novice	snapshot_students	34	snapshot_students	14591	1583517	0	0	0	0	0	0	0	0	0	0	0	0	0	0	0	0	0	0	0	0	0	0	0	0	0	0	0	0	0	0	0	0	0	0	0	0	0	0	0	0	0	0	0	0	0	0	0	0																																																	1839	1799		240								263	600		240								80	140		240								480	1339		240								7	3		1								40	1639		8115								280	1339		240								Anna	Anna	0	0		0																																									0	0		0																														3418	1799		240								684	600		240								80	140		240								2698	1339		240								5	3		1								40	1639		8115								280	1339		240								3458	1839		240								692	613		240								80	140		240								2698	1379		240								5	3		1								0	1599		8115								320	1379		240								0		0			0														0	0		0																																																			
Recording067	ProVisioNET_study_111_03	Female	Novice	Entire Recording	1	fullstream	1815212	0	0	1	1	1	1	1	1	1	1	1	1	1	1	1	1	1	1	1	1	1	1	1	1	1	1	1	1	0	0	0	1	1	1	1	1	1	1	1	1	0	1	1	1	1	1	1	1	1		508053	490687	478053	1687856	1666272	1657856	1444414	1417555	1414414	1174962	1160565	1144962	1264418	1247770	1234418	994802	968971	964802	813519	787105	783519	904710	878994	874710	1601619	492875				1355476	1355593	1325476	1416419	1157297	1244840	967666	785822	881697		694999	1065040	724123	695771	694123	1091238	1066799	1061238	115492	145214	184310	87408	61683	23106	45573	110674	3978	3038	3078	500	530	614	453	253	550	543	490	306	304	220	80	60	80	80	80	80	80	80	160	80	80	3978	4617	6996	3378	2818	2199	2399	2758	460	600	400	231	274	300	193	244	42	84	226	13	10	14	508775	520668	507296	511853	493024	694986	513852	509854	593645	641137	613034	220	180	100	140	140	580	979	340	160	600	340	Classroom_Others		0	0	0	899	0	899	0	0	0	0	0				899		899									899		899									899		899						0	0	0	1	0	1	0	0	0	0	0				1061709		1061709									899		899						139417	161384	198822	102619	93085	25765	50390	121787	3978	3238	3078	968	863	2093	892	564	1227	2016	1997	306	405	220	80	80	80	80	80	360	100	80	160	80	80	9215	5117	12393	6196	13352	3818	15031	17250	460	660	400	144	187	95	115	165	21	25	61	13	8	14	508775	520668	507296	511853	493024	694986	513852	509854	593645	641137	613034	460	180	899	400	13352	580	979	340	160	600	340	146453	171138	202839	107676	99761	26524	51190	124086	4537	3498	3658	1017	915	2135	936	605	1263	2048	2034	349	437	261	100	120	100	100	80	400	160	100	180	80	80	9274	5177	12433	6196	13352	3878	15051	17270	500	700	440	144	187	95	115	165	21	25	61	13	8	14	508735	520648	507296	511753	493024	694986	513832	509834	593625	641097	612994	500	200	899	500	13352	580	999	360	180	640	380	919216	432	2128	200	5.38303	1175	259.21	100.13	1064.57	142.1	8.94	0.56	41.22	10502.48	1429	295.5	356.8	247.72	13.14	43	41	146	31	29	11	42	124	0	1	0	508735	557646	916615	567740	514831	784253	513832	669441	795147	641097	612994	513832	520848	915076	568000	508735	784013	514831	875159	853292	830546	848535	447.45	262.45	219.74	371.96	100.96	374.67	186.07	500.44	211.46	290.65	378.91	186.07	199.21	122.83	515.29	447.45	386.75	100.96	455.5	351.27	531.22	298.7
>>>>>>> Stashed changes
