structure(list(Time = structure(c(57423, 57428, 57433, 57438, 
57448, 57453, 57463, 57468, 57473, 57481, 57486, 57491, 57501, 
57506, 57511, 57516, 57526, 57531, 57536, 57541, 57546, 57556, 
57561, 57566, 57571, 57576, 57586, 57591, 57596, 57601, 57606, 
57611, 57616, 57621, 57626, 57631, 57636, 57651, 57661, 57666, 
57671, 57681, 57686, 57696, 57711, 57716, 57721, 57726, 57731, 
57736, 57741, 57751, 57756, 57766, 57771, 57776, 57786, 57791, 
57796, 57801, 57811, 57816, 57821, 57826, 57836, 57841, 57846, 
57851, 57856, 57861, 57866, 57876, 57881, 57896, 57901, 57911, 
57916, 57931, 57936, 57941, 57946, 57956, 57961, 57966, 57976, 
57986, 57991, 57996, 58001, 58006, 58016, 58021, 58031, 58046, 
58051, 58066, 58071, 58076, 58086, 58091, 58096, 58101, 58106, 
58116, 58121, 58126, 58131, 58146, 58156, 58161, 58166, 58176, 
58191, 58201, 58216, 58221, 58226, 58231, 58236, 58246, 58251, 
58261, 58276, 58281, 58286, 58291, 58296, 58301, 58311, 58316, 
58331, 58336, 58341, 58346, 58351, 58366, 58376, 58381, 58386, 
58396, 58401, 58406, 58411, 58418, 58423, 58433, 58438, 58443, 
58453, 58458, 58463, 58468, 58473, 58478, 58493, 58503, 58508, 
58513, 58518, 58523, 58528, 58533, 58538, 58548, 58553, 57666, 
57676, 57681, 57696, 57711, 57721, 57731, 57736, 57751, 57756, 
57761, 57766, 57771, 57776, 57781, 57796, 57811, 57826, 57841, 
57882, 57892, 57902, 57907, 57912, 57922, 57927, 57942, 57957, 
57967, 57977, 57982, 57987, 57992, 57997, 58007, 58012, 58027, 
58042, 58052, 58057, 58062, 58077, 58082, 58087, 58092, 58097, 
58102, 58107, 58122, 58132, 58137, 58142, 58147, 58152, 58162, 
58167, 58172, 58177, 58182, 58187, 58192, 58197, 58202, 58207, 
58212, 58217, 58232, 58237, 58242, 58257, 58262, 58267, 58272, 
58277, 58282, 58287, 58292, 58297, 58307, 58317, 58327, 58332, 
58337, 58342, 58347, 58352, 58367, 58372, 58382, 58387, 58392, 
58402, 58417, 58422, 58427, 58432, 58437, 58447, 58457, 58462, 
58467, 58472, 58477, 58482, 58487, 58492, 58497, 58512, 58517, 
58527, 58532, 58537, 58542, 58547, 58552, 58557, 58562, 58572, 
58577, 58582, 58592, 58597, 58602, 58607, 58612, 58622, 58627, 
58632, 58637, 58642, 58647, 58652, 58657, 58662, 58677, 58682, 
58697, 58702, 58707, 58722, 58727, 58737, 51905, 51915, 51920, 
51925, 51935, 51940, 51955, 51960, 51965, 51970, 51975, 51985, 
52000, 52005, 52010, 52025, 52030, 52035, 52040, 52045, 52050, 
52060, 52065, 52070, 52075, 52085, 52090, 52095, 52100, 52105, 
52110, 52115, 52120, 52125, 52130, 52135, 52140, 52150, 52160, 
52165, 52170, 52175, 52180, 52185, 52190, 52195, 52205, 52215, 
52220, 52225, 52230, 52235, 52240, 52245, 52250, 52255, 52260, 
52265, 52270, 52275, 52280, 52290, 52295, 52300, 52305, 52310, 
52315, 52320, 52325, 52330, 52335, 52350, 52365, 52375, 52380, 
52385, 52390, 52395, 52410, 52415, 52420, 52425, 52430, 52440, 
52445, 52450, 52455, 52460, 52465, 52470, 52485, 52495, 52500, 
52505, 52520, 52525, 52535, 52550, 52555, 52560, 52565, 52570, 
52575, 52590, 52595, 52600, 52610, 52620, 52625, 52640, 52645, 
52650, 52655, 52660, 52665, 52675, 52690, 52700, 52715, 52720, 
52725, 52730, 52735, 52740, 52750, 52755, 52760, 52765, 52770, 
52775, 52780, 52795, 52810, 52815, 52830, 52835, 52850, 52916, 
52921, 52926, 52936, 52941, 52956, 52971, 52976, 52981, 52996, 
53011, 53021, 53026, 53031, 53036, 52385, 52390, 52395, 52410, 
52425, 52435, 52440, 52450, 52465, 52470, 52480, 52485, 52490, 
52495, 52505, 52510, 52515, 52520, 52525, 52530, 52540, 52545, 
52560, 52570, 52585, 52595, 52610, 52620, 52625, 52630, 52635, 
52640, 52655, 52660, 52670, 52680, 52685, 52690, 52705, 52710, 
52715, 52720, 52725, 52730, 52735, 52740, 52745, 52755, 52760, 
52765, 52770, 52780, 52785, 52790, 52805, 52810, 52815, 52830, 
52835, 52850, 52855, 52870, 52875, 52880, 52885, 52895, 52900, 
52915, 52920, 52925, 52935, 52950, 52955, 52965, 52970, 52985, 
52990, 52995, 53000, 53005, 53010, 53015, 53020, 53025, 53030, 
53035, 53040, 53045, 53050, 53065, 53075, 53090, 53095, 53110, 
53115, 53125, 53135, 53140, 53145, 53150, 53160, 53165, 53170, 
53185, 53190, 53195, 53200, 53215, 53230, 53235, 53245, 53260, 
53261, 53266, 53276, 53291, 53306, 53316, 53321, 53326, 53341, 
53346, 53356, 53361, 53376, 53381, 53396, 53406, 53411, 53421, 
53426, 53431, 53446, 53451, 53456, 53471, 53486, 53491, 53496, 
53501, 53506, 53521, 53536, 53551, 53556, 53571, 55980, 55985, 
56000, 56005, 56010, 56020, 56025, 56040, 56045, 56050, 56055, 
56070, 56075, 56085, 56090, 56095, 56100, 56115, 56120, 56125, 
56130, 56135, 56140, 56145, 56155, 56160, 56170, 56175, 56190, 
56195, 56200, 56205, 56210, 56215, 56230, 56235, 56240, 56255, 
56260, 56265, 56270, 56275, 56280, 56285, 56290, 56295, 56310, 
56320, 56325, 56330, 56335, 56340, 56345, 56360, 56370, 56375, 
56380, 56385, 56390, 56405, 56541, 56546, 56551, 56566, 56571, 
56576, 56581, 56586, 56591, 56596, 56606, 56616, 56631, 56641, 
56646, 56656, 56661, 56666, 56681, 56691, 56696, 56701, 56716, 
56721, 56726, 56736, 56751, 56756, 56761, 56766, 56771, 56776, 
56786, 56796, 56801, 56806, 56816, 56821, 56826, 56831, 56841, 
56851, 56856, 56861, 56871, 56876, 56881, 56891, 56896, 56901, 
56916, 56921, 56936, 56940, 56945, 56950, 56955, 56965, 56970, 
56975, 56980, 56985, 56995, 57000, 57005, 57015, 57020, 57025, 
57030, 57040, 57050, 57060, 57065, 57080, 57085, 57090, 57095, 
57100, 57105, 57115, 38640, 38645, 38650, 38655, 38660, 38670, 
38675, 38690, 38700, 38705, 38710, 38715, 38730, 38735, 38750, 
38755, 38765, 38775, 38780, 38785, 38790, 38795, 38810, 38820, 
38830, 38840, 38845, 38850, 38855, 38860, 38865, 38870, 38875, 
38880, 38885, 38890, 38895, 38905, 38915, 38920, 38925, 38935, 
38940, 38950, 38955, 38960, 38965, 38975, 38980, 38995, 39000, 
39005, 39015, 39020, 39025, 39030, 39035, 39040, 39045, 39060, 
39075, 39090, 39105, 39110, 39120, 39135, 39145, 39150, 39155, 
39160, 39175, 39180, 39195, 39210, 39225, 39230, 39235, 39240, 
39255, 39265, 39271, 39276, 39281, 39286, 39291, 39301, 39311, 
39326, 39331, 39336, 39341, 39346, 39351, 39366, 39381, 39386, 
39396, 39401, 39416, 39426, 39431, 39436, 39441, 39456, 39461, 
39471, 39476, 39481, 39486, 39501, 39506, 39521, 39526, 39531, 
39536, 39541, 39546, 39561, 39571, 39576, 39581, 39596, 39601, 
39606, 39611, 39616, 39621, 39636, 39641, 39646, 39651, 39656, 
39671, 39676, 39681, 39686, 39696, 39706, 41471, 41476, 41481, 
41486, 41491, 41496, 41506, 41511, 41521, 41526, 41531, 41536, 
41541, 41551, 41556, 41561, 41566, 41571, 41576, 41581, 41586, 
41591, 41596, 41601, 41606, 41611, 41616, 41621, 41626, 41631, 
41636, 41641, 41646, 41656, 41661, 41666, 41671, 41681, 41686, 
41691, 41696, 41701, 41706, 41711, 41721, 41726, 41731, 41736, 
41746, 41761, 41766, 41771, 41776, 41781, 41796, 41801, 41806, 
41811, 41816, 41826, 41831, 41841, 41846, 41851, 41856, 41861, 
41866, 41871, 41876, 41881, 41886, 41891, 41896, 41906, 41921, 
41926, 41931, 41946, 41956, 41961, 41966, 41981, 41996, 42001, 
42006, 42016, 42021, 42026, 42032, 42037, 42042, 42047, 42052, 
42057, 42072, 42077, 42082, 42092, 42097, 42102, 42117, 42122, 
42137, 42142, 42147, 42152, 42157, 42162, 42172, 42182, 42187, 
42202, 42207, 42217, 42222, 42227, 42232, 42237, 42242, 42247, 
42252, 42257, 42267, 42282, 42287, 42297, 42302, 42317, 42327, 
42332, 42347, 42352, 42357, 42372, 42387, 42397, 42402, 42407, 
42412, 42417, 42422, 42437, 42442, 42452, 42467, 42472, 42477, 
42482, 42487, 42497, 42502, 42507, 42512, 42522, 42537, 45542, 
45552, 45557, 45567, 45577, 45582, 45587, 45592, 45597, 45607, 
45612, 45622, 45632, 45637, 45642, 45647, 45652, 45657, 45667, 
45672, 45677, 45682, 45687, 45702, 45717, 45727, 45737, 45742, 
45757, 45762, 45777, 45782, 45792, 45797, 45802, 45807, 45813, 
45818, 45833, 45838, 45848, 45853, 45863, 45868, 45873, 45878, 
45893, 45898, 45913, 45918, 45923, 45928, 45943, 45958, 45963, 
45968, 45973, 45978, 45993, 45998, 46003, 46010, 46015, 46025, 
46030, 46040, 46050, 46055, 46060, 46065, 46070, 46075, 46090, 
46095, 46100, 46105, 46115, 46130, 46135, 46150, 46160, 46165, 
